6,1445,5,0,1
8,1445,1295,3,3
23,1343,22,1,2
24,1445,23,1,2
26,1445,8,0,2
27,1445,9,0,2
42,1445,41,1,2
45,1445,27,0,3
47,1343,46,1,2
60,1445,59,1,2
62,1445,61,1,2
76,1343,75,1,2
78,1445,77,1,2
79,1445,78,1,2
81,1343,80,1,2
94,1343,93,1,2
96,1445,95,1,2
98,1343,97,1,2
112,1343,111,1,2
115,1343,114,1,2
119,1343,118,1,2
121,1374,122,2,1
130,1343,129,1,2
131,1343,130,1,2
139,1374,140,2,1
148,1343,147,1,2
157,1374,158,2,1
175,1374,176,2,1
189,1343,188,1,2
193,1374,194,2,1
211,1374,229,3,0
229,1374,247,3,0
242,1343,241,1,2
247,1374,265,3,0
257,1374,256,1,2
263,1343,262,1,2
275,1374,274,1,2
277,1343,276,1,2
280,1343,279,1,2
283,1374,301,3,0
293,1374,292,1,2
297,1343,296,1,2
299,1374,298,1,2
300,1374,299,1,2
301,1374,319,3,0
311,1374,310,1,2
316,1374,315,1,2
329,1374,328,1,2
333,1374,332,1,2
356,1349,374,3,0
365,1343,364,1,2
366,1343,365,1,2
391,1349,409,3,0
425,1349,443,3,0
444,1349,462,3,0
479,1349,497,3,0
522,1397,523,1,1
532,1349,550,3,0
567,1349,585,3,0
592,1417,610,3,0
625,1349,643,3,0
626,1349,644,3,0
642,1349,660,3,0
644,1349,662,3,0
659,1349,677,3,0
662,1349,680,3,0
676,1349,694,3,0
680,1349,698,3,0
698,1349,716,3,0
751,1349,769,3,0
787,1349,805,3,0
788,1349,806,3,0
798,1349,799,2,1
805,1349,806,2,1
806,1349,1349,4,0
816,1349,817,2,1
834,1349,835,2,1
852,1349,853,2,1
870,1349,871,2,1
888,1349,889,2,1
906,1349,907,2,1
924,1349,925,2,1
942,1349,943,2,1
968,1349,950,0,3
979,1349,961,0,3
984,1349,966,0,3
985,1349,967,0,3
986,1349,968,0,3
998,1349,980,0,3
999,1349,981,0,3
1000,1349,982,0,3
1001,1349,983,0,3
1004,1349,986,0,3
1044,1374,1061,3,2
1058,1374,1040,0,3
1059,1374,1041,0,3
1060,1374,1042,0,3
1061,1374,1060,1,2
1063,1374,1045,0,3
1082,1374,1064,0,3
1101,1374,1083,0,3
1120,1374,1102,0,3
1255,1343,1237,0,3
1256,1343,1238,0,3
1257,1343,1239,0,3
1258,1343,1240,0,3
1273,1343,1272,1,2
1274,1343,1273,1,2
1275,1343,1274,1,2
1275,1445,1257,0,3
1286,1374,17,3,3
1293,1445,1292,1,2
1294,1445,1276,0,3
1295,1445,1277,0,3
1303,1445,1231,0,4
1304,1445,1231,0,4
1305,1374,202,0,4
1305,1445,1214,0,4
1309,1312,840,0,4
1309,1349,806,0,4
1311,1343,1272,0,4
1312,1309,858,0,4
1312,1326,1151,0,4
1316,1343,1238,0,4
1317,1342,771,0,4
1321,1343,1272,0,4
1323,1339,789,0,4
1326,1312,1133,0,4
1332,1349,806,0,4
1339,1323,789,0,4
1342,1317,807,0,4
1343,1311,1272,0,4
1343,1316,1220,0,4
1343,1321,1272,0,4
1343,1354,1272,0,4
1343,1361,1272,0,4
1343,1363,1272,0,4
1343,1364,1272,0,4
1343,1365,1272,0,4
1343,1367,1272,0,4
1343,1368,1272,0,4
1343,1369,1272,0,4
1343,1370,1272,0,4
1343,1371,1272,0,4
1343,1372,1272,0,4
1343,1381,1220,0,4
1343,1382,1272,0,4
1343,1383,1272,0,4
1343,1384,1272,0,4
1343,1388,1272,0,4
1343,1389,1272,0,4
1343,1390,1272,0,4
1343,1391,1272,0,4
1343,1392,1272,0,4
1343,1393,1272,0,4
1343,1396,1220,0,4
1343,1404,1272,0,4
1343,1405,1272,0,4
1343,1412,1272,0,4
1343,1444,1272,0,4
1343,1445,1203,0,4
1343,1449,1272,0,4
1343,1450,1272,0,4
1343,1451,1272,0,4
1343,1452,1272,0,4
1343,1453,1272,0,4
1343,1454,1272,0,4
1349,1309,806,0,4
1349,1332,806,0,4
1349,1347,806,0,4
1349,1348,806,0,4
1349,1373,806,0,4
1349,1374,806,0,4
1349,1416,806,0,4
1349,1447,806,0,4
1349,1457,806,0,4
1349,1458,806,0,4
1349,1459,806,0,4
1354,1343,1272,0,4
1361,1343,1290,0,4
1362,1445,149,0,4
1365,1445,149,0,4
1366,1374,184,0,4
1369,1343,21,0,4
1370,1377,177,0,4
1371,1343,21,0,4
1372,1374,195,0,4
1374,1303,292,0,4
1374,1304,292,0,4
1374,1305,292,0,4
1374,1349,586,0,4
1374,1362,292,0,4
1374,1365,292,0,4
1374,1366,292,0,4
1374,1367,292,0,4
1374,1368,292,0,4
1374,1372,378,0,4
1374,1375,603,0,4
1374,1377,603,0,4
1374,1378,603,0,4
1374,1379,586,0,4
1374,1380,551,0,4
1374,1382,378,0,4
1374,1383,292,0,4
1374,1384,292,0,4
1374,1385,292,0,4
1374,1386,292,0,4
1374,1387,292,0,4
1374,1391,292,0,4
1374,1398,292,0,4
1374,1399,292,0,4
1374,1405,292,0,4
1374,1406,292,0,4
1374,1407,292,0,4
1374,1408,292,0,4
1374,1409,292,0,4
1374,1410,292,0,4
1374,1411,292,0,4
1374,1412,292,0,4
1374,1427,292,0,4
1374,1428,292,0,4
1374,1429,292,0,4
1374,1430,292,0,4
1374,1431,292,0,4
1374,1432,292,0,4
1374,1433,292,0,4
1374,1434,292,0,4
1374,1435,292,0,4
1374,1436,292,0,4
1374,1437,292,0,4
1374,1438,292,0,4
1374,1439,292,0,4
1374,1440,292,0,4
1374,1441,292,0,4
1374,1442,292,0,4
1374,1443,603,0,4
1374,1444,292,0,4
1374,1445,292,0,4
1374,1446,292,0,4
1374,1451,378,0,4
1374,1452,378,0,4
1375,1374,620,0,4
1377,1370,172,0,4
1377,1374,637,0,4
1378,1374,620,0,4
1379,1374,568,0,4
1380,1374,551,0,4
1381,1343,1238,0,4
1382,1374,195,0,4
1389,1343,201,0,4
1392,1343,21,0,4
1393,1343,21,0,4
1396,1343,1238,0,4
1404,1445,264,0,4
1405,1343,39,0,4
1406,1374,184,0,4
1407,1374,184,0,4
1428,1431,294,0,4
1431,1428,294,0,4
1443,1374,637,0,4
1445,1303,1189,0,4
1445,1304,1189,0,4
1445,1305,1189,0,4
1445,1362,5,0,4
1445,1365,5,0,4
1445,1366,5,0,4
1445,1367,1206,0,4
1445,1383,1206,0,4
1445,1384,1206,0,4
1445,1385,5,0,4
1445,1386,5,0,4
1445,1387,5,0,4
1445,1391,1206,0,4
1445,1398,5,0,4
1445,1399,5,0,4
1445,1404,264,0,4
1445,1406,5,0,4
1451,1374,212,0,4
1452,1374,212,0,4
1459,1349,768,0,4
