50,1364,51,2,1
50,1369,51,2,1
50,1371,51,2,1
50,1374,51,2,1
50,1388,51,2,1
50,1389,51,2,1
50,1392,51,2,1
50,1393,51,2,1
50,1400,51,2,1
50,1405,51,2,1
54,1317,36,0,2
189,1372,190,2,1
189,1408,190,2,1
189,1411,190,2,1
189,1413,190,2,1
189,1444,190,2,1
211,1349,193,0,3
211,1355,193,0,3
211,1367,193,0,3
211,1379,193,0,3
211,1383,193,0,3
211,1391,193,0,3
328,1404,329,2,1
350,1363,332,0,3
350,1364,332,0,3
350,1388,332,0,3
551,1374,552,2,1
559,1374,541,0,3
569,1374,587,3,0
570,1374,552,0,3
571,1374,553,0,3
572,1374,554,0,3
574,1448,575,2,1
576,1374,558,0,2
577,1374,559,0,3
587,1374,586,1,2
589,1374,571,0,3
590,1374,572,0,3
594,1374,576,0,2
595,1374,577,0,3
607,1374,589,0,3
608,1374,590,0,3
611,1374,593,0,3
612,1374,594,0,2
623,1374,622,1,2
624,1318,625,2,1
624,1320,625,2,1
624,1328,625,2,1
624,1329,625,2,1
624,1332,625,2,1
624,1338,625,2,1
624,1340,625,2,1
624,1358,625,2,1
624,1394,625,2,1
624,1422,625,2,1
624,1428,625,2,1
624,1429,625,2,1
624,1434,625,2,1
624,1437,625,2,1
624,1438,625,2,1
625,1374,607,0,3
626,1374,608,0,3
628,1374,610,0,3
629,1374,611,0,3
641,1374,640,1,2
644,1374,626,0,3
645,1374,627,0,3
646,1374,628,0,3
649,1374,631,0,3
659,1374,658,1,2
662,1374,644,0,3
663,1374,645,0,3
667,1374,649,0,3
677,1374,676,1,2
680,1374,662,0,3
685,1374,667,0,3
695,1374,694,1,2
702,1374,684,0,2
713,1374,712,1,2
715,1374,714,1,2
720,1374,702,0,2
731,1374,730,1,2
755,1374,737,0,3
763,1300,764,2,1
763,1321,764,2,1
763,1330,764,2,1
763,1333,764,2,1
763,1347,764,2,1
763,1348,764,2,1
763,1351,764,2,1
763,1396,764,2,1
763,1457,764,2,1
773,1374,755,0,3
785,1377,767,0,3
790,1374,772,0,3
793,1374,794,2,1
808,1374,790,0,3
810,1374,792,0,2
811,1374,812,2,1
814,1337,832,3,0
826,1374,808,0,3
829,1374,830,2,1
832,1337,850,3,0
833,1337,851,3,0
834,1337,852,3,0
835,1337,853,3,0
843,1374,825,0,3
845,1374,827,0,3
847,1374,848,2,1
853,1337,871,3,0
861,1374,843,0,3
863,1374,845,0,3
868,1337,869,2,1
871,1337,889,3,0
878,1374,860,0,3
880,1374,862,0,3
886,1337,887,2,1
889,1337,907,3,0
896,1374,878,0,3
897,1374,879,0,3
902,1296,903,2,1
902,1361,903,2,1
902,1373,903,2,1
902,1448,903,2,1
904,1337,905,2,1
907,1337,925,3,0
913,1374,912,1,2
914,1374,896,0,3
924,1431,906,0,3
924,1434,906,0,3
924,1436,906,0,3
924,1438,906,0,3
924,1442,906,0,3
925,1337,943,3,0
941,1337,942,2,1
943,1337,1337,4,0
948,1374,947,1,2
949,1374,948,1,2
960,1337,961,2,1
973,1374,955,0,3
979,1337,961,0,3
991,1374,973,0,3
1004,1333,1022,3,0
1008,1374,990,0,2
1009,1374,991,0,3
1027,1374,1009,0,3
1059,1299,1060,2,1
1059,1309,1060,2,1
1059,1310,1060,2,1
1059,1324,1060,2,1
1059,1332,1060,2,1
1059,1333,1060,2,1
1059,1402,1060,2,1
1059,1444,1060,2,1
1063,1366,1045,0,3
1063,1387,1045,0,3
1130,1379,1148,3,0
1198,1298,1199,2,1
1198,1322,1199,2,1
1198,1323,1199,2,1
1198,1339,1199,2,1
1198,1343,1199,2,1
1198,1356,1199,2,1
1198,1357,1199,2,1
1198,1359,1199,2,1
1198,1381,1199,2,1
1198,1397,1199,2,1
1198,1401,1199,2,1
1220,1304,1202,0,3
1220,1305,1202,0,3
1253,1442,1271,3,0
1296,1374,892,0,4
1311,1374,910,0,4
1316,1374,910,0,4
1354,1374,910,0,4
1359,1397,1203,0,4
1374,1296,586,0,4
1374,1297,500,0,4
1374,1298,586,0,4
1374,1299,500,0,4
1374,1300,586,0,4
1374,1301,500,0,4
1374,1309,586,0,4
1374,1310,500,0,4
1374,1311,586,0,4
1374,1312,586,0,4
1374,1313,500,0,4
1374,1314,500,0,4
1374,1315,500,0,4
1374,1316,586,0,4
1374,1317,500,0,4
1374,1318,500,0,4
1374,1319,500,0,4
1374,1320,500,0,4
1374,1321,586,0,4
1374,1322,586,0,4
1374,1323,500,0,4
1374,1324,586,0,4
1374,1325,586,0,4
1374,1326,500,0,4
1374,1327,500,0,4
1374,1328,500,0,4
1374,1329,500,0,4
1374,1330,586,0,4
1374,1331,500,0,4
1374,1332,500,0,4
1374,1333,500,0,4
1374,1334,500,0,4
1374,1335,500,0,4
1374,1336,500,0,4
1374,1337,500,0,4
1374,1338,500,0,4
1374,1339,500,0,4
1374,1340,500,0,4
1374,1341,586,0,4
1374,1342,500,0,4
1374,1343,500,0,4
1374,1345,500,0,4
1374,1346,500,0,4
1374,1347,586,0,4
1374,1348,586,0,4
1374,1349,500,0,4
1374,1350,500,0,4
1374,1351,586,0,4
1374,1354,586,0,4
1374,1355,586,0,4
1374,1356,500,0,4
1374,1357,500,0,4
1374,1358,500,0,4
1374,1359,586,0,4
1374,1360,500,0,4
1374,1373,586,0,4
1374,1394,500,0,4
1374,1396,586,0,4
1374,1402,586,0,4
1374,1417,500,0,4
1374,1418,500,0,4
1374,1419,500,0,4
1374,1421,500,0,4
1374,1422,500,0,4
1374,1455,292,0,4
1374,1456,292,0,4
1397,1359,1221,0,4
1455,1374,36,0,4
1456,1374,36,0,4
