79,1432,97,3,0
287,1329,305,3,0
288,1329,306,2,0
306,1329,324,2,0
307,1329,325,3,0
325,1329,343,3,0
339,1329,340,2,1
344,1329,343,1,2
357,1329,358,2,1
363,1329,381,3,0
374,1329,375,2,1
382,1329,400,3,0
391,1329,392,2,1
392,1329,393,2,1
400,1329,418,3,0
401,1329,419,3,0
402,1329,420,3,0
403,1329,421,3,0
408,1329,409,2,1
409,1329,410,2,1
419,1329,437,3,0
420,1329,438,3,0
421,1329,439,3,0
425,1329,426,2,1
427,1329,428,2,1
432,1329,450,2,0
440,1329,439,1,2
442,1329,443,2,1
445,1329,446,2,1
449,1329,467,3,0
458,1329,457,1,2
460,1329,461,2,1
462,1329,463,2,1
467,1329,485,3,0
475,1329,474,1,2
476,1329,475,1,2
480,1329,481,2,1
493,1329,492,1,2
494,1329,493,1,2
497,1329,498,2,1
511,1329,510,1,2
512,1329,511,1,2
515,1329,516,2,1
529,1329,528,1,2
530,1329,529,1,2
533,1329,534,2,1
547,1329,546,1,2
548,1329,547,1,2
550,1329,551,2,1
561,1399,543,0,3
565,1329,564,1,2
566,1329,565,1,2
574,1329,575,2,1
583,1329,582,1,2
585,1329,586,2,1
591,1329,592,2,1
592,1329,593,2,1
601,1329,600,1,2
603,1329,604,2,1
607,1329,608,2,1
608,1329,609,2,1
609,1329,610,2,1
610,1329,611,2,1
619,1329,618,1,2
620,1329,621,2,1
624,1329,625,2,1
625,1329,626,2,1
626,1329,627,2,1
627,1329,628,2,1
628,1329,629,2,1
637,1329,655,3,0
641,1329,642,2,1
642,1329,643,2,1
643,1329,644,2,1
643,1339,661,3,0
644,1329,645,2,1
645,1329,646,2,1
646,1329,647,2,1
652,1377,670,3,0
655,1329,673,3,0
659,1329,660,2,1
660,1329,661,2,1
662,1329,663,2,1
663,1329,664,2,1
669,1377,687,3,0
670,1377,688,3,0
675,1329,676,2,1
676,1329,677,2,1
680,1329,681,2,1
681,1329,682,2,1
684,1377,702,2,0
685,1377,703,3,0
688,1377,706,3,0
689,1329,688,1,2
692,1329,691,1,2
693,1329,694,2,1
698,1329,699,2,1
699,1329,700,2,1
700,1377,718,3,0
701,1329,719,3,0
701,1377,719,3,0
702,1377,703,1,1
706,1377,1377,4,0
710,1329,709,1,2
716,1329,717,2,1
716,1377,717,2,1
718,1377,719,2,1
719,1329,737,3,0
719,1377,702,2,3
720,1377,702,0,2
724,1329,723,1,2
724,1377,706,0,3
727,1329,726,1,2
728,1329,727,1,2
734,1329,735,2,1
734,1377,735,2,1
737,1329,755,3,0
742,1329,741,1,2
742,1377,724,0,3
743,1329,742,1,2
744,1329,743,1,2
745,1329,744,1,2
746,1329,745,1,2
752,1329,753,2,1
752,1377,753,2,1
753,1329,754,2,1
754,1329,755,2,1
755,1329,1329,4,0
759,1329,758,1,2
760,1329,742,0,3
760,1377,742,0,3
761,1329,743,0,3
762,1329,744,0,3
763,1329,762,1,2
770,1377,771,2,1
773,1329,755,0,3
773,1377,755,0,3
778,1377,760,0,3
790,1377,772,0,3
825,1377,807,0,3
842,1377,824,0,3
860,1377,861,2,1
878,1377,879,2,1
896,1377,897,2,1
914,1377,915,2,1
932,1377,933,2,1
950,1377,951,2,1
968,1377,969,2,1
986,1377,987,2,1
1004,1377,1005,2,1
1022,1377,1023,2,1
1044,1377,1026,0,2
1045,1377,1027,0,3
1058,1377,1040,0,3
1059,1377,1041,0,3
1060,1377,1042,0,3
1061,1377,1043,0,3
1064,1377,1046,0,3
1083,1377,1065,0,3
1101,1377,1083,0,3
1120,1377,1102,0,3
1296,1377,824,0,4
1300,1377,842,0,4
1311,1377,842,0,4
1317,1329,737,0,4
1318,1329,755,0,4
1320,1342,807,0,4
1321,1373,945,0,4
1327,1377,824,0,4
1329,1315,755,0,4
1329,1317,755,0,4
1329,1318,755,0,4
1329,1336,755,0,4
1329,1338,755,0,4
1329,1340,755,0,4
1329,1346,755,0,4
1329,1374,755,0,4
1329,1375,755,0,4
1329,1376,755,0,4
1329,1377,755,0,4
1329,1378,755,0,4
1329,1379,755,0,4
1329,1380,755,0,4
1329,1420,755,0,4
1329,1421,755,0,4
1329,1422,755,0,4
1329,1423,755,0,4
1329,1425,755,0,4
1329,1426,755,0,4
1329,1435,755,0,4
1329,1437,755,0,4
1329,1441,755,0,4
1329,1443,755,0,4
1329,1447,755,0,4
1329,1457,755,0,4
1329,1458,755,0,4
1329,1459,755,0,4
1330,1377,824,0,4
1336,1329,755,0,4
1338,1329,755,0,4
1340,1329,755,0,4
1341,1377,842,0,4
1342,1320,825,0,4
1348,1459,859,0,4
1351,1377,824,0,4
1355,1396,1221,0,4
1364,1366,167,0,4
1366,1364,167,0,4
1372,1404,5,0,4
1373,1321,909,0,4
1377,1296,706,0,4
1377,1297,706,0,4
1377,1298,706,0,4
1377,1299,706,0,4
1377,1300,706,0,4
1377,1301,706,0,4
1377,1309,706,0,4
1377,1310,706,0,4
1377,1311,706,0,4
1377,1312,706,0,4
1377,1313,706,0,4
1377,1314,706,0,4
1377,1315,706,0,4
1377,1317,706,0,4
1377,1318,706,0,4
1377,1319,706,0,4
1377,1320,706,0,4
1377,1322,706,0,4
1377,1323,706,0,4
1377,1325,706,0,4
1377,1326,706,0,4
1377,1327,706,0,4
1377,1328,706,0,4
1377,1329,706,0,4
1377,1330,706,0,4
1377,1331,706,0,4
1377,1332,706,0,4
1377,1333,706,0,4
1377,1334,706,0,4
1377,1335,706,0,4
1377,1336,706,0,4
1377,1337,706,0,4
1377,1338,706,0,4
1377,1339,706,0,4
1377,1340,706,0,4
1377,1341,706,0,4
1377,1342,706,0,4
1377,1343,706,0,4
1377,1345,706,0,4
1377,1346,706,0,4
1377,1347,706,0,4
1377,1348,706,0,4
1377,1349,706,0,4
1377,1350,706,0,4
1377,1351,706,0,4
1377,1356,706,0,4
1377,1357,706,0,4
1377,1358,706,0,4
1377,1359,706,0,4
1377,1360,706,0,4
1377,1373,706,0,4
1377,1394,706,0,4
1377,1417,706,0,4
1377,1418,706,0,4
1377,1419,706,0,4
1377,1420,706,0,4
1377,1421,706,0,4
1377,1422,706,0,4
1377,1423,706,0,4
1377,1424,706,0,4
1377,1425,706,0,4
1377,1426,706,0,4
1377,1435,706,0,4
1377,1437,706,0,4
1377,1447,706,0,4
1377,1455,706,0,4
1377,1456,706,0,4
1377,1457,706,0,4
1380,1329,655,0,4
1396,1355,1221,0,4
1404,1372,23,0,4
1420,1329,738,0,4
1426,1329,738,0,4
1435,1377,724,0,4
1437,1377,724,0,4
1447,1329,699,0,4
1459,1348,751,0,4
