0,1373,1287,3,3
1,1373,1288,3,3
1,1387,2,1,0
2,1387,3,1,0
8,1387,26,2,0
17,1373,1286,3,3
18,1373,0,0,1
19,1387,20,2,1
25,1387,43,3,0
26,1387,44,3,0
35,1373,17,0,2
37,1387,38,2,1
44,1387,62,3,0
53,1373,35,0,3
54,1387,55,1,1
55,1387,56,2,1
59,1387,60,2,1
60,1373,59,1,2
60,1387,61,2,1
62,1387,80,3,0
63,1373,64,2,1
70,1373,52,0,3
72,1387,73,1,1
76,1387,77,2,1
77,1387,78,2,1
78,1373,77,1,2
78,1387,79,2,1
80,1387,98,3,0
90,1387,91,1,1
91,1387,92,2,1
92,1387,93,2,1
93,1387,94,2,1
94,1387,95,2,1
95,1373,94,1,2
95,1387,96,2,1
96,1373,95,1,2
96,1387,97,2,1
97,1387,98,2,1
98,1387,1387,4,0
105,1373,87,0,3
112,1373,94,0,3
113,1373,112,1,2
114,1373,113,1,2
116,1387,98,0,3
131,1373,130,1,2
132,1373,131,1,2
147,1373,129,0,3
150,1373,132,0,3
167,1373,149,0,3
168,1373,150,0,3
182,1373,164,0,3
184,1373,166,0,3
185,1373,167,0,3
186,1373,168,0,3
201,1373,183,0,3
203,1373,185,0,3
204,1373,186,0,3
222,1373,240,3,0
223,1373,241,3,0
224,1373,242,3,0
225,1373,243,3,0
226,1373,227,2,1
227,1373,245,3,0
228,1373,246,3,0
229,1373,247,3,0
230,1373,248,3,0
774,1320,756,0,2
775,1320,757,0,3
776,1320,758,0,3
777,1320,759,0,3
778,1320,760,0,3
779,1320,761,0,3
790,1320,772,0,3
791,1320,773,0,3
793,1320,792,1,1
794,1320,793,1,2
795,1320,794,1,2
796,1320,795,1,2
808,1320,807,1,2
810,1320,827,3,2
814,1320,813,1,2
826,1320,825,1,2
844,1320,843,1,2
845,1320,844,1,2
862,1320,861,1,2
867,1320,866,1,2
888,1320,889,2,1
906,1320,907,2,1
920,1320,919,1,2
924,1320,925,2,1
942,1320,943,2,1
960,1320,961,2,1
973,1320,972,1,1
976,1320,975,1,2
977,1373,978,2,1
978,1320,979,2,1
987,1373,969,0,3
988,1373,970,0,3
995,1373,996,2,1
996,1373,978,0,3
997,1373,979,0,3
1005,1373,987,0,3
1006,1373,988,0,3
1008,1320,1025,3,2
1010,1320,1009,1,2
1014,1373,996,0,3
1015,1373,997,0,3
1032,1373,1014,0,3
1033,1373,1015,0,3
1034,1373,1016,0,3
1037,1373,1019,0,3
1038,1373,1020,0,3
1041,1373,1023,0,3
1050,1373,1032,0,3
1051,1373,1033,0,3
1052,1373,1034,0,3
1054,1373,1036,0,3
1055,1373,1037,0,3
1056,1373,1038,0,3
1059,1373,1058,1,2
1068,1373,1050,0,3
1069,1373,1051,0,3
1070,1373,1052,0,3
1071,1373,1053,0,3
1072,1373,1054,0,3
1073,1373,1055,0,3
1077,1373,1076,1,2
1086,1373,1068,0,3
1087,1373,1069,0,3
1088,1373,1070,0,3
1089,1373,1071,0,3
1095,1373,1094,1,2
1104,1373,1086,0,3
1105,1373,1087,0,3
1106,1373,1088,0,3
1113,1373,1112,1,2
1122,1373,1104,0,3
1123,1373,1105,0,3
1129,1373,1111,0,3
1131,1373,1130,1,2
1140,1373,1122,0,3
1146,1373,1128,0,3
1148,1373,1147,1,2
1149,1373,1148,1,2
1164,1373,1146,0,3
1166,1373,1165,1,2
1167,1373,1166,1,2
1181,1373,1163,0,3
1184,1373,1183,1,2
1185,1373,1184,1,2
1199,1373,1181,0,3
1202,1373,1201,1,2
1203,1373,1185,0,3
1216,1373,1198,0,3
1217,1373,1199,0,3
1220,1373,1202,0,3
1221,1373,1203,0,3
1234,1373,1216,0,3
1237,1373,1219,0,3
1238,1373,1220,0,3
1239,1373,1221,0,3
1247,1373,1248,2,1
1252,1373,1234,0,3
1254,1373,1236,0,3
1256,1373,1238,0,3
1264,1373,1265,2,1
1265,1373,1266,2,1
1269,1373,1251,0,3
1269,1387,1270,2,1
1270,1387,1271,2,1
1271,1373,1253,0,3
1271,1387,1272,2,1
1272,1373,1254,0,3
1274,1373,1256,0,3
1281,1373,1282,2,1
1287,1373,1269,0,3
1289,1373,1271,0,3
1289,1387,1290,2,1
1296,1454,1116,0,4
1299,1325,1064,0,4
1300,1347,876,0,4
1301,1309,806,0,4
1308,1373,1111,0,4
1308,1420,1163,0,4
1309,1301,806,0,4
1311,1350,1255,0,4
1320,1342,755,0,4
1320,1358,807,0,4
1320,1360,1237,0,4
1320,1363,1237,0,4
1320,1364,1237,0,4
1320,1365,807,0,4
1320,1367,1220,0,4
1320,1383,1220,0,4
1320,1385,807,0,4
1320,1386,807,0,4
1320,1388,1237,0,4
1320,1391,807,0,4
1320,1414,807,0,4
1320,1415,807,0,4
1320,1422,1254,0,4
1320,1427,807,0,4
1320,1428,807,0,4
1320,1429,720,0,4
1320,1431,807,0,4
1320,1432,807,0,4
1320,1434,720,0,4
1320,1436,720,0,4
1320,1437,720,0,4
1320,1438,720,0,4
1320,1442,807,0,4
1320,1455,807,0,4
1320,1456,807,0,4
1322,1382,1203,0,4
1322,1433,824,0,4
1325,1299,1064,0,4
1332,1373,840,0,4
1336,1340,702,0,4
1340,1336,702,0,4
1341,1455,824,0,4
1342,1320,773,0,4
1347,1300,876,0,4
1350,1311,1237,0,4
1358,1320,825,0,4
1358,1419,1289,0,4
1360,1320,1255,0,4
1361,1373,997,0,4
1363,1320,184,0,4
1364,1320,184,0,4
1367,1320,28,0,4
1370,1387,22,0,4
1372,1387,74,0,4
1373,1303,926,0,4
1373,1304,926,0,4
1373,1305,926,0,4
1373,1308,926,0,4
1373,1332,840,0,4
1373,1352,960,0,4
1373,1353,960,0,4
1373,1361,943,0,4
1373,1366,960,0,4
1373,1368,960,0,4
1373,1369,960,0,4
1373,1370,960,0,4
1373,1371,960,0,4
1373,1372,960,0,4
1373,1382,960,0,4
1373,1385,960,0,4
1373,1386,960,0,4
1373,1387,960,0,4
1373,1392,960,0,4
1373,1393,960,0,4
1373,1398,960,0,4
1373,1399,960,0,4
1373,1404,960,0,4
1373,1405,926,0,4
1373,1406,960,0,4
1373,1407,960,0,4
1373,1408,960,0,4
1373,1409,960,0,4
1373,1410,960,0,4
1373,1411,960,0,4
1373,1412,926,0,4
1373,1413,960,0,4
1373,1444,960,0,4
1373,1445,960,0,4
1373,1446,960,0,4
1373,1448,926,0,4
1373,1449,960,0,4
1373,1450,960,0,4
1373,1451,960,0,4
1373,1452,960,0,4
1373,1453,960,0,4
1373,1454,960,0,4
1382,1322,1275,0,4
1382,1387,74,0,4
1383,1320,28,0,4
1383,1387,80,0,4
1387,1368,98,0,4
1387,1370,98,0,4
1387,1372,98,0,4
1387,1382,98,0,4
1387,1383,98,0,4
1387,1384,98,0,4
1387,1391,98,0,4
1387,1392,98,0,4
1387,1393,98,0,4
1387,1404,98,0,4
1387,1444,98,0,4
1387,1445,98,0,4
1387,1449,98,0,4
1387,1450,98,0,4
1387,1451,98,0,4
1387,1452,98,0,4
1387,1453,98,0,4
1387,1454,98,0,4
1388,1320,184,0,4
1391,1387,80,0,4
1392,1387,39,0,4
1393,1387,39,0,4
1405,1373,22,0,4
1412,1373,5,0,4
1419,1358,1271,0,4
1420,1308,1271,0,4
1422,1320,1254,0,4
1427,1320,879,0,4
1433,1322,896,0,4
1448,1373,1052,0,4
1449,1387,22,0,4
1450,1387,22,0,4
1451,1387,22,0,4
1454,1296,1188,0,4
1455,1320,825,0,4
1455,1341,825,0,4
1456,1320,825,0,4
