0,1315,1,0,0
18,1315,19,1,1
36,1315,37,1,1
48,1368,66,3,0
54,1315,55,1,1
72,1315,73,1,1
90,1315,91,1,1
108,1315,109,1,1
134,1315,116,0,3
152,1315,134,0,3
162,1315,144,0,2
168,1315,150,0,3
176,1435,194,3,0
176,1437,194,3,0
176,1441,194,3,0
181,1315,163,0,3
200,1315,182,0,3
237,1315,238,2,1
256,1315,257,2,1
275,1315,257,0,3
294,1315,276,0,3
300,1314,318,3,0
331,1315,313,0,3
350,1315,332,0,3
373,1328,391,3,0
683,1408,701,3,0
747,1421,748,2,1
816,1447,817,2,1
828,1456,810,0,2
829,1456,811,0,3
830,1456,812,0,3
831,1456,813,0,3
843,1456,825,0,3
844,1456,826,0,3
845,1456,827,0,3
846,1456,863,3,2
847,1456,846,1,1
848,1456,847,1,2
861,1456,860,1,2
863,1456,862,1,2
879,1456,878,1,2
880,1456,879,1,2
884,1456,883,1,2
889,1362,907,3,0
889,1389,907,3,0
889,1390,907,3,0
889,1400,907,3,0
937,1456,936,1,1
941,1456,942,2,1
959,1456,960,2,1
967,1315,985,3,0
977,1456,978,2,1
990,1456,1007,3,2
995,1456,996,2,1
1011,1456,1010,1,2
1013,1456,1014,2,1
1020,1315,1038,3,0
1042,1396,1043,2,1
1061,1456,1060,1,2
1062,1456,1079,3,2
1073,1315,1091,3,0
1094,1315,1112,3,0
1097,1315,1115,3,0
1109,1315,1127,3,0
1110,1315,1128,3,0
1111,1315,1129,3,0
1114,1456,1113,1,2
1115,1315,1133,3,0
1125,1315,1126,2,1
1127,1315,1128,2,1
1128,1315,1129,2,1
1128,1370,1146,3,0
1133,1315,1315,4,0
1143,1315,1144,2,1
1149,1456,1148,1,2
1151,1315,1133,0,3
1161,1315,1162,2,1
1169,1315,1151,0,3
1187,1315,1169,0,3
1195,1327,1194,1,2
1216,1315,1198,0,3
1233,1315,1215,0,3
1248,1390,1266,3,0
1251,1314,1252,2,1
1251,1315,1233,0,3
1251,1326,1252,2,1
1251,1336,1252,2,1
1269,1315,1270,2,1
1287,1315,1288,2,1
1300,1315,1221,0,4
1315,1300,1133,0,4
1315,1303,1133,0,4
1315,1304,1133,0,4
1315,1305,1133,0,4
1315,1306,1133,0,4
1315,1307,1133,0,4
1315,1308,1133,0,4
1315,1311,1133,0,4
1315,1321,1133,0,4
1315,1322,1133,0,4
1315,1341,1133,0,4
1315,1359,1133,0,4
1315,1381,1133,0,4
1315,1382,1133,0,4
1315,1386,1133,0,4
1315,1396,1133,0,4
1315,1398,1133,0,4
1315,1399,1133,0,4
1315,1403,1133,0,4
1315,1405,1133,0,4
1315,1412,1133,0,4
1318,1372,1168,0,4
1322,1315,1169,0,4
1372,1318,1258,0,4
1413,1456,288,0,4
1430,1456,896,0,4
1432,1456,775,0,4
1433,1456,896,0,4
1439,1456,896,0,4
1456,1352,860,0,4
1456,1353,860,0,4
1456,1363,860,0,4
1456,1364,860,0,4
1456,1366,860,0,4
1456,1387,860,0,4
1456,1388,860,0,4
1456,1389,860,0,4
1456,1390,860,0,4
1456,1400,860,0,4
1456,1406,860,0,4
1456,1407,860,0,4
1456,1413,36,0,4
1456,1427,860,0,4
1456,1428,791,0,4
1456,1429,791,0,4
1456,1430,860,0,4
1456,1432,791,0,4
1456,1433,860,0,4
1456,1439,860,0,4
1456,1440,860,0,4
