268,1323,250,0,3
287,1323,269,0,3
306,1323,288,0,2
325,1323,326,2,1
344,1323,326,0,3
363,1323,345,0,3
400,1323,382,0,3
415,1323,414,1,1
419,1323,401,0,3
438,1323,420,0,3
484,1323,483,1,2
492,1323,510,3,0
510,1323,528,3,0
528,1323,546,3,0
546,1323,564,3,0
559,1400,541,0,3
564,1323,565,2,1
578,1400,560,0,3
582,1323,583,2,1
597,1400,579,0,3
600,1323,601,2,1
616,1400,598,0,3
618,1323,619,2,1
635,1400,617,0,3
636,1323,637,2,1
636,1400,618,0,3
637,1400,619,0,3
638,1400,620,0,3
639,1400,621,0,3
654,1323,655,2,1
672,1323,673,2,1
675,1400,693,3,0
689,1323,688,1,2
693,1400,711,3,0
711,1315,712,2,1
711,1400,729,3,0
724,1323,723,1,2
729,1400,730,2,1
736,1323,735,1,2
742,1447,741,1,2
744,1447,726,0,3
745,1447,727,0,3
746,1447,728,0,3
747,1400,748,2,1
750,1447,751,2,1
754,1323,753,1,2
759,1447,758,1,2
760,1447,759,1,2
762,1323,763,2,1
762,1447,744,0,3
763,1447,745,0,3
765,1400,766,2,1
768,1447,769,2,1
769,1447,751,0,3
770,1447,752,0,3
771,1447,753,0,3
772,1323,771,1,2
777,1323,795,3,0
777,1447,776,1,2
778,1323,796,3,0
778,1447,760,0,3
780,1323,781,2,1
781,1447,763,0,3
783,1400,784,2,1
786,1447,787,2,1
789,1447,771,0,3
790,1323,789,1,2
794,1323,793,1,2
795,1323,794,1,2
795,1447,777,0,3
796,1323,795,1,2
801,1400,802,2,1
804,1447,805,2,1
807,1447,789,0,3
808,1323,807,1,2
811,1323,810,1,1
812,1447,794,0,3
813,1447,795,0,3
816,1447,798,0,3
819,1400,820,2,1
822,1447,823,2,1
824,1447,806,0,3
825,1447,807,0,3
826,1323,825,1,2
828,1323,845,3,2
829,1447,811,0,3
830,1447,812,0,3
832,1323,831,1,2
837,1400,838,2,1
842,1447,824,0,3
843,1447,825,0,3
846,1447,828,0,2
850,1447,849,1,2
855,1400,856,2,1
860,1447,842,0,3
861,1447,843,0,3
863,1447,845,0,3
864,1447,846,0,2
868,1447,867,1,2
877,1447,859,0,3
878,1447,860,0,3
879,1447,861,0,3
880,1447,862,0,3
881,1447,863,0,3
885,1323,884,1,2
885,1447,867,0,3
886,1447,885,1,2
889,1400,888,1,2
895,1429,896,2,1
895,1431,896,2,1
895,1434,896,2,1
895,1438,896,2,1
895,1447,877,0,3
896,1447,878,0,3
897,1447,879,0,3
898,1447,880,0,3
899,1447,881,0,3
901,1400,900,1,1
902,1447,884,0,3
904,1447,903,1,2
910,1454,928,3,0
912,1451,930,3,0
913,1447,895,0,3
914,1447,896,0,3
915,1447,897,0,3
916,1447,898,0,3
919,1400,918,1,1
920,1447,902,0,3
922,1447,921,1,2
927,1400,945,3,0
931,1447,913,0,3
932,1447,914,0,3
937,1400,936,1,1
938,1323,937,1,2
939,1447,938,1,2
940,1447,939,1,2
941,1400,940,1,2
945,1400,946,2,1
949,1447,931,0,3
955,1400,954,1,1
955,1447,937,0,3
957,1447,956,1,2
958,1447,957,1,2
963,1400,964,2,1
972,1447,954,0,2
973,1400,972,1,1
973,1447,955,0,3
975,1447,974,1,2
976,1400,994,3,0
976,1447,975,1,2
977,1400,995,3,0
978,1400,996,3,0
981,1400,982,2,1
990,1447,972,0,2
991,1400,990,1,1
993,1400,992,1,2
993,1447,992,1,2
994,1400,993,1,2
994,1447,976,0,3
995,1400,994,1,2
996,1400,995,1,2
1008,1447,990,0,2
1009,1400,1008,1,1
1010,1400,1009,1,2
1011,1447,993,0,3
1012,1447,994,0,3
1027,1400,1026,1,1
1029,1447,1011,0,3
1030,1447,1012,0,3
1032,1400,1031,1,2
1043,1447,1025,0,3
1046,1447,1028,0,3
1047,1447,1029,0,3
1048,1447,1030,0,3
1056,1447,1057,2,1
1060,1319,1078,3,0
1060,1417,1078,3,0
1060,1418,1078,3,0
1060,1419,1078,3,0
1061,1447,1043,0,3
1063,1447,1045,0,3
1065,1447,1047,0,3
1073,1447,1074,2,1
1074,1447,1075,2,1
1078,1447,1060,0,3
1080,1447,1062,0,2
1084,1447,1102,3,0
1085,1447,1103,3,0
1086,1447,1104,3,0
1096,1447,1078,0,3
1102,1447,1120,3,0
1103,1400,1102,1,2
1103,1447,1121,3,0
1104,1447,1122,3,0
1105,1447,1123,3,0
1114,1447,1096,0,3
1115,1447,1097,0,3
1123,1447,1141,3,0
1131,1447,1113,0,3
1132,1447,1114,0,3
1142,1447,1160,3,0
1149,1447,1131,0,3
1156,1400,1155,1,2
1159,1400,1158,1,2
1161,1447,1179,3,0
1166,1447,1148,0,3
1167,1447,1149,0,3
1180,1447,1179,1,2
1184,1447,1166,0,3
1191,1400,1190,1,2
1198,1447,1197,1,2
1199,1447,1217,3,0
1217,1447,1235,3,0
1236,1447,1254,3,0
1244,1400,1243,1,2
1272,1367,1271,1,2
1296,1447,841,0,4
1298,1447,824,0,4
1299,1447,754,0,4
1300,1447,859,0,4
1309,1447,806,0,4
1310,1447,754,0,4
1311,1447,859,0,4
1312,1447,824,0,4
1316,1400,1100,0,4
1319,1323,1220,0,4
1320,1415,807,0,4
1320,1447,720,0,4
1323,1319,1203,0,4
1323,1335,824,0,4
1323,1357,824,0,4
1323,1375,807,0,4
1323,1376,807,0,4
1323,1377,807,0,4
1323,1378,841,0,4
1323,1421,807,0,4
1323,1422,807,0,4
1323,1423,807,0,4
1323,1425,807,0,4
1323,1429,807,0,4
1323,1431,807,0,4
1323,1434,807,0,4
1323,1435,807,0,4
1323,1436,807,0,4
1323,1437,807,0,4
1323,1438,807,0,4
1323,1441,807,0,4
1323,1442,807,0,4
1323,1443,807,0,4
1323,1447,824,0,4
1323,1456,807,0,4
1324,1447,859,0,4
1325,1400,1116,0,4
1325,1447,789,0,4
1327,1447,841,0,4
1329,1447,807,0,4
1330,1373,927,0,4
1330,1447,841,0,4
1332,1393,1116,0,4
1333,1447,806,0,4
1334,1447,842,0,4
1335,1323,842,0,4
1338,1447,702,0,4
1339,1447,755,0,4
1341,1447,859,0,4
1342,1447,825,0,4
1345,1447,842,0,4
1347,1447,842,0,4
1348,1359,1238,0,4
1348,1447,842,0,4
1351,1447,824,0,4
1354,1447,859,0,4
1355,1447,859,0,4
1357,1323,842,0,4
1358,1447,825,0,4
1359,1348,1238,0,4
1367,1447,885,0,4
1373,1330,909,0,4
1378,1323,655,0,4
1393,1332,1188,0,4
1400,1296,990,0,4
1400,1299,990,0,4
1400,1309,990,0,4
1400,1310,990,0,4
1400,1312,990,0,4
1400,1313,990,0,4
1400,1316,990,0,4
1400,1317,990,0,4
1400,1318,990,0,4
1400,1324,990,0,4
1400,1325,990,0,4
1400,1327,990,0,4
1400,1330,990,0,4
1400,1331,990,0,4
1400,1332,990,0,4
1400,1333,990,0,4
1400,1337,990,0,4
1400,1338,990,0,4
1400,1340,990,0,4
1400,1351,990,0,4
1400,1354,990,0,4
1400,1361,990,0,4
1400,1367,990,0,4
1400,1373,990,0,4
1400,1381,990,0,4
1400,1383,990,0,4
1400,1391,990,0,4
1400,1396,990,0,4
1400,1397,990,0,4
1400,1401,990,0,4
1400,1402,990,0,4
1400,1403,990,0,4
1400,1446,990,0,4
1414,1447,843,0,4
1415,1320,843,0,4
1415,1447,843,0,4
1442,1323,827,0,4
1442,1456,774,0,4
1446,1400,1206,0,4
1447,1296,733,0,4
1447,1297,699,0,4
1447,1298,716,0,4
1447,1299,699,0,4
1447,1300,733,0,4
1447,1301,699,0,4
1447,1309,716,0,4
1447,1310,699,0,4
1447,1311,733,0,4
1447,1312,716,0,4
1447,1316,733,0,4
1447,1320,699,0,4
1447,1321,733,0,4
1447,1322,716,0,4
1447,1323,716,0,4
1447,1324,733,0,4
1447,1325,699,0,4
1447,1327,733,0,4
1447,1329,699,0,4
1447,1330,733,0,4
1447,1332,716,0,4
1447,1333,716,0,4
1447,1334,716,0,4
1447,1335,699,0,4
1447,1338,699,0,4
1447,1339,699,0,4
1447,1340,699,0,4
1447,1341,733,0,4
1447,1342,699,0,4
1447,1343,699,0,4
1447,1345,716,0,4
1447,1347,716,0,4
1447,1348,716,0,4
1447,1349,699,0,4
1447,1350,699,0,4
1447,1351,716,0,4
1447,1354,733,0,4
1447,1355,733,0,4
1447,1356,716,0,4
1447,1357,699,0,4
1447,1358,699,0,4
1447,1359,716,0,4
1447,1360,716,0,4
1447,1361,733,0,4
1447,1367,699,0,4
1447,1373,716,0,4
1447,1381,733,0,4
1447,1383,733,0,4
1447,1384,733,0,4
1447,1391,733,0,4
1447,1396,733,0,4
1447,1397,733,0,4
1447,1401,733,0,4
1447,1402,733,0,4
1447,1403,733,0,4
1447,1414,699,0,4
1447,1415,699,0,4
1447,1422,699,0,4
1447,1436,699,0,4
1447,1437,699,0,4
1447,1442,699,0,4
1447,1455,716,0,4
1447,1456,699,0,4
1447,1460,733,0,4
1456,1442,791,0,4
