36,1333,18,0,2
71,1373,53,0,3
74,1368,73,1,2
74,1408,73,1,2
74,1409,73,1,2
74,1410,73,1,2
74,1411,73,1,2
74,1413,73,1,2
74,1416,73,1,2
74,1442,73,1,2
74,1444,73,1,2
74,1447,73,1,2
74,1457,73,1,2
74,1458,73,1,2
74,1459,73,1,2
91,1296,73,0,3
91,1297,73,0,3
91,1298,73,0,3
91,1300,73,0,3
91,1301,73,0,3
91,1309,73,0,3
91,1311,73,0,3
91,1312,73,0,3
91,1314,73,0,3
91,1315,73,0,3
91,1316,73,0,3
91,1317,73,0,3
91,1318,73,0,3
91,1319,73,0,3
91,1320,73,0,3
91,1321,73,0,3
91,1322,73,0,3
91,1323,73,0,3
91,1324,73,0,3
91,1325,73,0,3
91,1326,73,0,3
91,1327,73,0,3
91,1328,73,0,3
91,1329,73,0,3
91,1330,73,0,3
91,1331,73,0,3
91,1332,73,0,3
91,1334,73,0,3
91,1335,73,0,3
91,1336,73,0,3
91,1338,73,0,3
91,1339,73,0,3
91,1340,73,0,3
91,1341,73,0,3
91,1342,73,0,3
91,1343,73,0,3
91,1345,73,0,3
91,1346,73,0,3
91,1347,73,0,3
91,1348,73,0,3
91,1349,73,0,3
91,1350,73,0,3
91,1351,73,0,3
91,1352,73,0,3
91,1353,73,0,3
91,1354,73,0,3
91,1355,73,0,3
91,1356,73,0,3
91,1357,73,0,3
91,1359,73,0,3
91,1360,73,0,3
91,1361,73,0,3
91,1367,73,0,3
91,1381,73,0,3
91,1383,73,0,3
91,1384,73,0,3
91,1391,73,0,3
91,1394,73,0,3
91,1396,73,0,3
91,1397,73,0,3
91,1401,73,0,3
91,1402,73,0,3
91,1403,73,0,3
91,1404,73,0,3
91,1417,73,0,3
91,1418,73,0,3
91,1419,73,0,3
91,1420,73,0,3
91,1424,73,0,3
91,1425,73,0,3
91,1426,73,0,3
91,1445,73,0,3
260,1373,261,2,1
260,1460,261,2,1
391,1325,392,2,1
391,1340,392,2,1
424,1317,442,3,0
497,1303,479,0,3
497,1304,479,0,3
497,1365,479,0,3
497,1387,479,0,3
497,1399,479,0,3
497,1428,479,0,3
497,1429,479,0,3
497,1431,479,0,3
497,1434,479,0,3
497,1438,479,0,3
509,1297,508,1,2
509,1298,508,1,2
509,1299,508,1,2
509,1301,508,1,2
509,1309,508,1,2
509,1310,508,1,2
509,1313,508,1,2
509,1314,508,1,2
509,1315,508,1,2
509,1317,508,1,2
509,1318,508,1,2
509,1319,508,1,2
509,1320,508,1,2
509,1322,508,1,2
509,1323,508,1,2
509,1325,508,1,2
509,1326,508,1,2
509,1328,508,1,2
509,1329,508,1,2
509,1331,508,1,2
509,1332,508,1,2
509,1333,508,1,2
509,1334,508,1,2
509,1335,508,1,2
509,1336,508,1,2
509,1337,508,1,2
509,1338,508,1,2
509,1339,508,1,2
509,1340,508,1,2
509,1342,508,1,2
509,1343,508,1,2
509,1346,508,1,2
509,1349,508,1,2
509,1350,508,1,2
509,1356,508,1,2
509,1357,508,1,2
509,1358,508,1,2
509,1359,508,1,2
509,1360,508,1,2
509,1373,508,1,2
509,1394,508,1,2
509,1414,508,1,2
509,1415,508,1,2
509,1417,508,1,2
509,1418,508,1,2
509,1419,508,1,2
509,1420,508,1,2
509,1421,508,1,2
509,1422,508,1,2
509,1423,508,1,2
509,1424,508,1,2
509,1425,508,1,2
509,1426,508,1,2
509,1436,508,1,2
509,1442,508,1,2
509,1455,508,1,2
509,1456,508,1,2
526,1372,508,0,3
526,1404,508,0,3
526,1408,508,0,3
526,1409,508,0,3
526,1410,508,0,3
526,1411,508,0,3
526,1427,508,0,3
526,1428,508,0,3
526,1429,508,0,3
526,1430,508,0,3
526,1432,508,0,3
526,1433,508,0,3
526,1434,508,0,3
526,1439,508,0,3
526,1440,508,0,3
526,1444,508,0,3
526,1445,508,0,3
526,1446,508,0,3
526,1448,508,0,3
526,1457,508,0,3
526,1458,508,0,3
526,1459,508,0,3
662,1372,644,0,3
662,1382,644,0,3
662,1408,644,0,3
662,1411,644,0,3
662,1444,644,0,3
662,1445,644,0,3
720,1361,721,1,1
740,1455,758,3,0
740,1456,758,3,0
805,1316,804,1,2
805,1355,804,1,2
805,1361,804,1,2
805,1381,804,1,2
805,1384,804,1,2
805,1396,804,1,2
805,1397,804,1,2
805,1401,804,1,2
805,1402,804,1,2
805,1403,804,1,2
805,1408,804,1,2
805,1411,804,1,2
805,1416,804,1,2
805,1448,804,1,2
805,1460,804,1,2
822,1314,804,0,3
822,1315,804,0,3
822,1318,804,0,3
822,1319,804,0,3
822,1320,804,0,3
822,1326,804,0,3
822,1328,804,0,3
822,1331,804,0,3
822,1335,804,0,3
822,1336,804,0,3
822,1338,804,0,3
822,1340,804,0,3
822,1346,804,0,3
822,1350,804,0,3
822,1394,804,0,3
822,1417,804,0,3
822,1418,804,0,3
822,1419,804,0,3
822,1420,804,0,3
822,1421,804,0,3
822,1422,804,0,3
822,1423,804,0,3
822,1424,804,0,3
822,1425,804,0,3
822,1426,804,0,3
822,1435,804,0,3
822,1436,804,0,3
822,1437,804,0,3
822,1441,804,0,3
822,1442,804,0,3
944,1314,943,1,2
944,1315,943,1,2
944,1317,943,1,2
944,1318,943,1,2
944,1326,943,1,2
944,1331,943,1,2
944,1332,943,1,2
944,1333,943,1,2
944,1336,943,1,2
944,1338,943,1,2
944,1340,943,1,2
944,1346,943,1,2
944,1352,943,1,2
944,1353,943,1,2
944,1362,943,1,2
944,1366,943,1,2
944,1368,943,1,2
944,1369,943,1,2
944,1370,943,1,2
944,1371,943,1,2
944,1372,943,1,2
944,1385,943,1,2
944,1386,943,1,2
944,1387,943,1,2
944,1389,943,1,2
944,1390,943,1,2
944,1392,943,1,2
944,1393,943,1,2
944,1398,943,1,2
944,1399,943,1,2
944,1400,943,1,2
944,1404,943,1,2
944,1406,943,1,2
944,1408,943,1,2
944,1409,943,1,2
944,1410,943,1,2
944,1411,943,1,2
944,1444,943,1,2
944,1445,943,1,2
944,1446,943,1,2
944,1449,943,1,2
944,1450,943,1,2
944,1451,943,1,2
944,1452,943,1,2
944,1453,943,1,2
944,1454,943,1,2
961,1296,943,0,3
961,1297,943,0,3
961,1298,943,0,3
961,1300,943,0,3
961,1301,943,0,3
961,1311,943,0,3
961,1312,943,0,3
961,1320,943,0,3
961,1321,943,0,3
961,1322,943,0,3
961,1323,943,0,3
961,1325,943,0,3
961,1327,943,0,3
961,1329,943,0,3
961,1330,943,0,3
961,1334,943,0,3
961,1335,943,0,3
961,1339,943,0,3
961,1341,943,0,3
961,1342,943,0,3
961,1343,943,0,3
961,1345,943,0,3
961,1347,943,0,3
961,1348,943,0,3
961,1349,943,0,3
961,1350,943,0,3
961,1356,943,0,3
961,1357,943,0,3
961,1358,943,0,3
961,1359,943,0,3
961,1360,943,0,3
961,1394,943,0,3
961,1414,943,0,3
961,1415,943,0,3
961,1430,943,0,3
961,1433,943,0,3
961,1439,943,0,3
961,1440,943,0,3
961,1447,943,0,3
961,1455,943,0,3
961,1456,943,0,3
961,1457,943,0,3
961,1458,943,0,3
961,1459,943,0,3
961,1460,943,0,3
1083,1297,1082,1,2
1083,1298,1082,1,2
1083,1300,1082,1,2
1083,1301,1082,1,2
1083,1303,1082,1,2
1083,1304,1082,1,2
1083,1305,1082,1,2
1083,1311,1082,1,2
1083,1316,1082,1,2
1083,1319,1082,1,2
1083,1320,1082,1,2
1083,1321,1082,1,2
1083,1322,1082,1,2
1083,1323,1082,1,2
1083,1328,1082,1,2
1083,1329,1082,1,2
1083,1334,1082,1,2
1083,1335,1082,1,2
1083,1336,1082,1,2
1083,1339,1082,1,2
1083,1341,1082,1,2
1083,1343,1082,1,2
1083,1345,1082,1,2
1083,1347,1082,1,2
1083,1348,1082,1,2
1083,1349,1082,1,2
1083,1350,1082,1,2
1083,1354,1082,1,2
1083,1356,1082,1,2
1083,1357,1082,1,2
1083,1359,1082,1,2
1083,1360,1082,1,2
1083,1369,1082,1,2
1083,1370,1082,1,2
1083,1371,1082,1,2
1083,1372,1082,1,2
1083,1382,1082,1,2
1083,1392,1082,1,2
1083,1393,1082,1,2
1083,1394,1082,1,2
1083,1404,1082,1,2
1083,1405,1082,1,2
1083,1412,1082,1,2
1083,1417,1082,1,2
1083,1418,1082,1,2
1083,1419,1082,1,2
1083,1420,1082,1,2
1083,1424,1082,1,2
1083,1426,1082,1,2
1083,1444,1082,1,2
1083,1445,1082,1,2
1083,1446,1082,1,2
1083,1449,1082,1,2
1083,1450,1082,1,2
1083,1451,1082,1,2
1083,1452,1082,1,2
1083,1453,1082,1,2
1083,1454,1082,1,2
1100,1373,1082,0,3
1100,1416,1082,0,3
1100,1448,1082,0,3
1104,1455,1105,2,1
1121,1414,1122,2,1
1121,1415,1122,2,1
1121,1456,1122,2,1
1147,1376,1148,2,1
1298,1338,1186,0,4
1311,1405,1238,0,4
1312,1337,841,0,4
1326,1417,702,0,4
1337,1312,823,0,4
1338,1298,1168,0,4
1354,1374,893,0,4
1374,1354,569,0,4
1405,1311,5,0,4
1417,1326,720,0,4
