0,1385,17,2,1
5,1334,4,0,1
5,1343,4,0,1
5,1357,4,0,1
5,1360,4,0,1
5,1403,4,0,1
5,1418,4,0,1
5,1420,4,0,1
5,1421,4,0,1
5,1423,4,0,1
5,1425,4,0,1
5,1426,4,0,1
8,1385,9,1,0
17,1385,16,0,1
23,1341,22,1,2
23,1345,22,1,2
23,1347,22,1,2
23,1348,22,1,2
23,1355,22,1,2
23,1417,22,1,2
23,1419,22,1,2
23,1422,22,1,2
24,1385,25,2,1
24,1457,25,2,1
24,1458,25,2,1
25,1385,26,2,1
26,1385,27,2,1
26,1459,44,3,0
32,1312,31,1,2
32,1336,31,1,2
32,1351,31,1,2
32,1359,31,1,2
32,1404,31,1,2
35,1385,34,1,2
41,1319,40,1,2
41,1320,40,1,2
41,1350,40,1,2
41,1385,42,2,1
41,1394,40,1,2
42,1385,43,2,1
43,1385,44,2,1
44,1385,45,2,1
50,1307,51,2,1
50,1308,51,2,1
50,1374,51,2,1
53,1385,52,1,2
57,1385,58,2,1
58,1385,59,2,1
59,1385,60,2,1
60,1385,61,2,1
61,1385,62,2,1
62,1385,63,2,1
63,1385,1385,4,0
64,1385,63,1,2
65,1385,64,1,2
71,1385,70,1,2
71,1400,89,3,0
80,1375,98,3,0
80,1377,98,3,0
80,1378,98,3,0
81,1385,63,0,3
82,1385,64,0,3
83,1385,65,0,3
89,1296,71,0,3
89,1299,71,0,3
89,1310,71,0,3
89,1313,71,0,3
89,1327,71,0,3
89,1331,71,0,3
89,1337,71,0,3
89,1385,88,1,2
89,1407,107,3,0
98,1376,116,3,0
104,1309,103,1,2
106,1332,88,0,3
106,1333,88,0,3
106,1352,88,0,3
106,1353,88,0,3
107,1363,125,3,0
107,1364,125,3,0
107,1388,125,3,0
116,1442,134,3,0
125,1362,143,3,0
125,1365,143,3,0
153,1362,152,1,2
153,1365,152,1,2
171,1361,170,1,2
171,1385,170,1,2
171,1386,170,1,2
183,1448,201,3,0
185,1393,184,1,2
189,1391,188,1,2
198,1414,215,3,2
198,1415,215,3,2
198,1455,215,3,2
198,1456,215,3,2
228,1300,210,0,3
228,1311,210,0,3
228,1321,210,0,3
228,1329,210,0,3
228,1339,210,0,3
228,1354,210,0,3
228,1413,246,3,0
228,1424,210,0,3
237,1428,255,3,0
237,1429,255,3,0
237,1459,255,3,0
243,1312,242,1,2
243,1338,242,1,2
243,1340,242,1,2
243,1351,242,1,2
243,1359,242,1,2
243,1397,242,1,2
243,1401,242,1,2
245,1298,227,0,3
245,1316,227,0,3
245,1322,227,0,3
245,1323,227,0,3
245,1328,227,0,3
245,1336,227,0,3
245,1356,227,0,3
245,1396,227,0,3
245,1436,244,1,2
255,1380,273,3,0
255,1432,273,3,0
255,1435,273,3,0
255,1441,273,3,0
261,1297,260,1,2
261,1301,260,1,2
261,1324,260,1,2
261,1349,260,1,2
261,1355,260,1,2
261,1402,260,1,2
264,1447,282,3,0
292,1306,291,1,2
292,1307,291,1,2
292,1308,291,1,2
292,1416,291,1,2
301,1380,300,1,2
301,1404,300,1,2
301,1411,300,1,2
301,1427,300,1,2
301,1435,300,1,2
301,1441,300,1,2
304,1301,322,3,0
304,1310,322,3,0
304,1313,322,3,0
304,1317,322,3,0
304,1331,322,3,0
304,1336,322,3,0
310,1372,309,1,2
310,1382,309,1,2
319,1303,318,1,2
319,1304,318,1,2
319,1305,318,1,2
319,1366,318,1,2
319,1379,318,1,2
319,1409,318,1,2
319,1410,318,1,2
319,1437,318,1,2
319,1440,318,1,2
320,1314,321,2,1
320,1326,321,2,1
320,1424,321,2,1
322,1315,340,3,0
322,1346,340,3,0
331,1423,349,3,0
337,1375,336,1,2
337,1377,336,1,2
337,1378,336,1,2
337,1430,336,1,2
337,1433,336,1,2
337,1436,336,1,2
337,1439,336,1,2
346,1363,345,1,2
349,1352,367,3,0
349,1353,367,3,0
355,1376,354,1,2
355,1443,354,1,2
373,1442,372,1,2
376,1399,358,0,3
382,1335,381,1,2
382,1342,381,1,2
382,1358,381,1,2
382,1361,381,1,2
391,1367,390,1,2
391,1383,390,1,2
393,1384,375,0,3
439,1381,457,3,0
449,1459,448,1,2
450,1375,451,1,1
450,1377,451,1,1
452,1376,470,3,0
452,1384,470,3,0
459,1298,460,2,1
459,1323,460,2,1
459,1333,460,2,1
459,1334,460,2,1
459,1335,460,2,1
459,1337,460,2,1
459,1339,460,2,1
459,1347,460,2,1
459,1348,460,2,1
459,1349,460,2,1
459,1356,460,2,1
459,1360,460,2,1
459,1455,460,2,1
459,1456,460,2,1
461,1296,479,3,0
461,1297,479,3,0
461,1299,479,3,0
461,1301,479,3,0
461,1310,479,3,0
461,1311,479,3,0
461,1327,479,3,0
461,1330,479,3,0
461,1343,479,3,0
461,1345,479,3,0
461,1357,479,3,0
476,1309,477,2,1
476,1320,477,2,1
476,1322,477,2,1
476,1328,477,2,1
476,1329,477,2,1
476,1332,477,2,1
476,1338,477,2,1
476,1340,477,2,1
476,1342,477,2,1
476,1358,477,2,1
476,1373,477,2,1
476,1414,477,2,1
476,1415,477,2,1
485,1443,468,2,3
506,1368,488,0,3
506,1405,488,0,3
512,1381,530,3,0
512,1448,511,1,2
513,1381,531,3,0
515,1364,497,0,3
515,1388,497,0,3
515,1400,497,0,3
523,1408,505,0,3
523,1412,505,0,3
523,1454,505,0,3
529,1381,547,3,0
530,1303,529,1,2
530,1304,529,1,2
530,1305,529,1,2
530,1387,529,1,2
530,1406,529,1,2
530,1407,529,1,2
530,1434,529,1,2
530,1438,529,1,2
532,1366,514,0,3
532,1389,514,0,3
532,1390,514,0,3
533,1314,551,3,0
533,1326,551,3,0
539,1372,538,1,2
539,1382,538,1,2
542,1379,560,3,0
542,1380,560,3,0
548,1362,547,1,2
548,1365,547,1,2
548,1381,566,3,0
548,1428,547,1,2
548,1429,547,1,2
548,1431,547,1,2
548,1432,547,1,2
557,1369,556,1,2
557,1392,556,1,2
557,1393,556,1,2
564,1381,565,2,1
565,1381,566,2,1
581,1381,582,2,1
582,1397,600,3,0
583,1381,584,2,1
588,1380,587,1,2
591,1389,609,3,0
591,1390,609,3,0
591,1406,609,3,0
591,1407,609,3,0
596,1381,614,3,0
598,1354,599,2,1
598,1381,599,2,1
600,1381,601,2,1
600,1403,618,3,0
606,1352,605,1,2
606,1353,605,1,2
607,1362,608,2,1
607,1363,608,2,1
607,1365,608,2,1
609,1364,627,3,0
609,1385,627,3,0
609,1388,627,3,0
609,1400,627,3,0
609,1427,627,3,0
609,1431,627,3,0
609,1432,627,3,0
609,1442,627,3,0
614,1381,632,3,0
615,1300,616,2,1
615,1316,616,2,1
615,1321,616,2,1
615,1351,616,2,1
615,1381,616,2,1
615,1396,616,2,1
615,1401,616,2,1
616,1381,617,2,1
618,1381,619,2,1
624,1367,625,2,1
624,1383,625,2,1
624,1391,625,2,1
627,1428,645,3,0
627,1429,645,3,0
627,1434,645,3,0
627,1436,645,3,0
627,1438,645,3,0
633,1381,634,2,1
635,1381,636,2,1
645,1437,663,3,0
650,1381,651,2,1
653,1381,654,2,1
663,1319,681,3,0
663,1350,681,3,0
663,1394,681,3,0
663,1417,681,3,0
671,1381,672,2,1
671,1413,653,0,3
672,1297,690,3,0
672,1327,690,3,0
672,1330,690,3,0
672,1334,690,3,0
672,1347,690,3,0
672,1348,690,3,0
672,1457,690,3,0
672,1458,690,3,0
678,1404,677,1,2
678,1446,677,1,2
681,1318,699,3,0
681,1418,699,3,0
681,1419,699,3,0
681,1420,699,3,0
681,1426,699,3,0
687,1306,686,1,2
687,1307,686,1,2
687,1308,686,1,2
688,1381,689,2,1
690,1459,708,3,0
699,1301,717,3,0
699,1336,717,3,0
699,1421,717,3,0
699,1422,717,3,0
699,1425,717,3,0
699,1441,717,3,0
699,1443,717,3,0
706,1381,707,2,1
723,1381,724,2,1
727,1313,726,1,2
727,1317,726,1,2
727,1336,726,1,2
727,1423,726,1,2
727,1425,726,1,2
727,1435,726,1,2
727,1441,726,1,2
727,1443,726,1,2
730,1381,748,3,0
736,1459,735,1,2
739,1410,757,3,0
741,1381,742,2,1
745,1424,744,1,2
746,1371,747,2,1
746,1381,764,3,0
748,1306,766,3,0
748,1307,766,3,0
748,1308,766,3,0
748,1381,766,3,0
758,1381,759,2,1
763,1376,762,1,2
766,1381,784,3,0
772,1361,773,2,1
776,1381,777,2,1
781,1381,782,2,1
784,1381,802,3,0
794,1381,795,2,1
798,1381,799,2,1
799,1381,800,2,1
802,1381,820,3,0
802,1430,820,3,0
810,1374,792,0,2
811,1403,829,3,0
814,1381,815,2,1
815,1381,816,2,1
816,1381,817,2,1
817,1381,818,2,1
818,1381,819,2,1
820,1362,838,3,0
820,1381,838,3,0
820,1433,838,3,0
820,1440,838,3,0
829,1416,847,3,0
831,1381,832,2,1
832,1381,833,2,1
833,1381,834,2,1
835,1381,836,2,1
836,1381,837,2,1
838,1298,856,3,0
838,1312,856,3,0
838,1323,856,3,0
838,1324,856,3,0
838,1334,856,3,0
838,1402,856,3,0
838,1414,856,3,0
838,1427,856,3,0
843,1392,861,3,0
849,1381,850,2,1
850,1381,851,2,1
853,1381,854,2,1
854,1381,855,2,1
866,1298,865,1,2
866,1312,865,1,2
866,1323,865,1,2
866,1324,865,1,2
866,1339,865,1,2
866,1355,865,1,2
866,1358,865,1,2
866,1381,867,2,1
866,1428,865,1,2
866,1439,865,1,2
867,1381,868,2,1
871,1381,872,2,1
872,1381,873,2,1
873,1381,891,3,0
878,1371,896,3,0
878,1392,896,3,0
878,1393,896,3,0
884,1322,883,1,2
884,1356,883,1,2
889,1381,890,2,1
890,1381,891,2,1
891,1381,909,3,0
892,1381,910,3,0
896,1370,914,3,0
896,1405,914,3,0
896,1445,914,3,0
896,1449,914,3,0
896,1450,914,3,0
896,1451,914,3,0
896,1452,914,3,0
896,1453,914,3,0
896,1454,914,3,0
902,1334,901,1,2
902,1343,901,1,2
902,1350,901,1,2
902,1357,901,1,2
902,1415,901,1,2
902,1455,901,1,2
902,1456,901,1,2
907,1381,908,2,1
908,1381,909,2,1
909,1381,910,2,1
910,1381,1381,4,0
911,1444,912,2,1
913,1448,931,3,0
920,1335,919,1,2
920,1342,919,1,2
920,1431,919,1,2
920,1432,919,1,2
920,1436,919,1,2
920,1442,919,1,2
923,1448,941,3,0
928,1381,910,0,3
932,1413,950,3,0
938,1421,937,1,2
938,1422,937,1,2
950,1352,968,3,0
950,1353,968,3,0
956,1319,955,1,2
956,1417,955,1,2
956,1423,955,1,2
958,1320,940,0,3
958,1328,940,0,3
958,1329,940,0,3
965,1374,964,1,2
967,1378,949,0,3
967,1379,949,0,3
967,1380,949,0,3
968,1366,986,3,0
968,1386,986,3,0
968,1387,986,3,0
986,1362,1004,3,0
986,1389,1004,3,0
986,1390,1004,3,0
986,1406,1004,3,0
986,1407,1004,3,0
1014,1389,1013,1,2
1014,1390,1013,1,2
1014,1407,1013,1,2
1017,1421,1035,3,0
1017,1422,1035,3,0
1032,1364,1031,1,2
1032,1388,1031,1,2
1032,1400,1031,1,2
1033,1335,1034,2,1
1033,1405,1034,2,1
1033,1412,1034,2,1
1035,1319,1053,3,0
1050,1343,1051,2,1
1050,1357,1051,2,1
1050,1363,1049,1,2
1052,1430,1053,2,1
1053,1418,1071,3,0
1053,1419,1071,3,0
1053,1420,1071,3,0
1053,1424,1071,3,0
1053,1426,1071,3,0
1068,1365,1067,1,2
1071,1328,1089,3,0
1071,1417,1089,3,0
1080,1457,1062,0,2
1080,1458,1062,0,2
1089,1320,1107,3,0
1089,1349,1107,3,0
1089,1394,1107,3,0
1089,1429,1071,0,3
1089,1434,1071,0,3
1089,1437,1071,0,3
1089,1438,1071,0,3
1098,1446,1116,2,0
1106,1367,1088,0,3
1106,1383,1088,0,3
1106,1384,1088,0,3
1106,1391,1088,0,3
1106,1435,1088,0,3
1107,1329,1125,3,0
1107,1339,1125,3,0
1107,1370,1125,3,0
1107,1445,1125,3,0
1107,1449,1125,3,0
1107,1450,1125,3,0
1107,1451,1125,3,0
1107,1452,1125,3,0
1107,1453,1125,3,0
1107,1454,1125,3,0
1113,1439,1112,1,2
1113,1447,1112,1,2
1115,1459,1097,0,3
1116,1369,1134,2,0
1116,1392,1134,2,0
1116,1393,1134,2,0
1125,1298,1143,3,0
1125,1304,1143,3,0
1125,1305,1143,3,0
1125,1323,1143,3,0
1125,1325,1143,3,0
1125,1356,1143,3,0
1131,1414,1130,1,2
1153,1298,1152,1,1
1153,1303,1152,1,1
1153,1304,1152,1,1
1153,1305,1152,1,1
1153,1323,1152,1,1
1153,1325,1152,1,1
1153,1359,1152,1,1
1162,1368,1161,1,2
1165,1435,1183,3,0
1170,1385,1188,2,0
1171,1314,1170,1,1
1171,1315,1170,1,1
1171,1317,1170,1,1
1171,1326,1170,1,1
1171,1346,1170,1,1
1171,1385,1170,1,1
1172,1385,1190,3,0
1173,1385,1191,3,0
1174,1385,1192,3,0
1174,1414,1192,3,0
1174,1415,1192,3,0
1174,1455,1192,3,0
1175,1385,1193,3,0
1176,1385,1194,3,0
1180,1408,1179,1,2
1181,1431,1182,2,1
1181,1434,1182,2,1
1181,1436,1182,2,1
1181,1438,1182,2,1
1181,1443,1182,2,1
1183,1437,1201,3,0
1188,1385,1206,2,0
1189,1306,1188,1,1
1189,1307,1188,1,1
1189,1308,1188,1,1
1189,1385,1207,3,0
1192,1456,1210,3,0
1195,1385,1213,3,0
1198,1365,1199,2,1
1198,1379,1199,2,1
1198,1411,1197,1,2
1198,1432,1199,2,1
1198,1441,1199,2,1
1213,1385,1231,3,0
1214,1385,1213,1,2
1219,1384,1237,3,0
1228,1407,1210,0,3
1232,1385,1231,1,2
1233,1385,1232,1,2
1234,1448,1233,1,2
1236,1385,1237,2,1
1237,1367,1255,3,0
1237,1383,1255,3,0
1237,1391,1255,3,0
1243,1413,1242,1,1
1246,1342,1264,3,0
1246,1358,1264,3,0
1250,1385,1249,1,2
1251,1385,1250,1,2
1254,1373,1236,0,3
1254,1385,1255,2,1
1264,1334,1282,3,0
1264,1360,1282,3,0
1264,1381,1282,3,0
1264,1403,1282,3,0
1264,1421,1282,3,0
1264,1423,1282,3,0
1264,1425,1282,3,0
1268,1385,1267,1,2
1269,1385,1268,1,2
1271,1385,1272,2,1
1272,1385,1273,2,1
1273,1404,1291,3,0
1286,1385,1285,1,2
1287,1385,1286,1,2
1299,1397,1012,0,4
1306,1364,219,0,4
1309,1381,892,0,4
1312,1381,910,0,4
1321,1348,893,0,4
1324,1381,910,0,4
1332,1381,909,0,4
1333,1381,909,0,4
1348,1321,893,0,4
1355,1381,910,0,4
1359,1381,910,0,4
1364,1306,201,0,4
1372,1385,22,0,4
1381,1309,910,0,4
1381,1312,910,0,4
1381,1324,910,0,4
1381,1332,910,0,4
1381,1333,910,0,4
1381,1355,910,0,4
1381,1359,910,0,4
1381,1367,910,0,4
1381,1383,910,0,4
1381,1384,910,0,4
1381,1391,910,0,4
1381,1402,910,0,4
1381,1416,910,0,4
1381,1441,910,0,4
1381,1443,910,0,4
1383,1385,45,0,4
1384,1385,45,0,4
1385,1368,63,0,4
1385,1372,63,0,4
1385,1383,63,0,4
1385,1384,63,0,4
1385,1404,63,0,4
1385,1409,63,0,4
1385,1410,63,0,4
1385,1444,63,0,4
1385,1445,63,0,4
1385,1446,63,0,4
1385,1456,63,0,4
1397,1299,1048,0,4
1398,1440,98,0,4
1402,1381,910,0,4
1404,1385,1259,0,4
1409,1385,1188,0,4
1410,1385,1188,0,4
1436,1404,242,0,4
1436,1405,242,0,4
1436,1409,242,0,4
1436,1446,242,0,4
1440,1398,260,0,4
1444,1385,1241,0,4
1445,1385,1206,0,4
1446,1385,1206,0,4
