15,1330,14,0,1
33,1330,32,1,2
50,1330,49,1,2
51,1330,50,1,2
356,1347,374,3,0
375,1347,393,3,0
393,1347,411,3,0
394,1347,412,3,0
408,1347,409,2,1
412,1347,430,3,0
426,1347,427,2,1
431,1347,430,1,2
432,1347,450,2,0
443,1347,444,2,1
451,1347,469,3,0
460,1347,461,2,1
461,1347,462,2,1
469,1347,487,3,0
470,1347,488,3,0
471,1347,489,3,0
477,1347,478,2,1
478,1347,479,2,1
485,1427,467,0,3
486,1427,468,0,2
488,1347,506,3,0
489,1347,507,3,0
490,1347,508,3,0
494,1347,495,2,1
496,1347,497,2,1
509,1347,508,1,2
511,1347,512,2,1
514,1347,515,2,1
518,1347,536,3,0
519,1347,537,3,0
523,1427,524,2,1
527,1347,526,1,2
529,1347,530,2,1
531,1347,532,2,1
536,1347,554,3,0
542,1427,543,2,1
544,1347,543,1,2
545,1347,544,1,2
549,1347,550,2,1
561,1427,543,0,3
562,1347,561,1,2
563,1347,562,1,2
566,1347,567,2,1
580,1347,579,1,2
580,1427,562,0,3
581,1347,580,1,2
584,1347,585,2,1
598,1347,597,1,2
599,1347,598,1,2
602,1347,603,2,1
616,1347,615,1,2
617,1347,616,1,2
617,1427,599,0,3
619,1347,620,2,1
634,1347,633,1,2
635,1347,634,1,2
636,1427,618,0,3
637,1457,655,3,0
643,1347,644,2,1
652,1347,651,1,2
654,1347,655,2,1
655,1427,637,0,3
660,1347,661,2,1
661,1347,662,2,1
668,1427,667,1,2
670,1347,669,1,2
672,1347,673,2,1
677,1347,678,2,1
678,1347,679,2,1
678,1457,696,3,0
679,1347,680,2,1
688,1347,687,1,2
689,1347,690,2,1
690,1457,708,3,0
693,1347,694,2,1
694,1347,695,2,1
694,1457,712,3,0
695,1347,696,2,1
696,1347,697,2,1
696,1457,714,3,0
697,1347,698,2,1
701,1427,700,1,2
703,1427,702,1,1
706,1347,724,3,0
709,1427,727,3,0
710,1347,711,2,1
711,1347,712,2,1
711,1457,729,3,0
712,1347,713,2,1
713,1347,714,2,1
714,1347,715,2,1
714,1457,732,3,0
715,1347,716,2,1
719,1427,718,1,2
724,1347,742,3,0
726,1457,744,3,0
727,1427,745,3,0
727,1457,745,3,0
728,1347,729,2,1
728,1457,746,3,0
729,1347,730,2,1
731,1347,732,2,1
732,1347,733,2,1
732,1457,750,3,0
737,1427,736,1,2
743,1457,744,2,1
744,1457,745,2,1
745,1347,746,2,1
745,1427,763,3,0
745,1457,746,2,1
746,1347,747,2,1
746,1457,747,2,1
749,1347,750,2,1
749,1457,750,2,1
750,1347,751,2,1
750,1457,1457,4,0
755,1427,754,1,2
758,1347,757,1,2
761,1347,760,1,2
762,1347,763,2,1
763,1427,764,2,1
767,1347,768,2,1
768,1347,769,2,1
770,1347,788,3,0
773,1427,772,1,2
779,1347,778,1,2
781,1427,782,2,1
784,1436,785,2,1
785,1347,786,2,1
788,1347,806,3,0
793,1347,792,1,1
796,1347,795,1,2
797,1347,796,1,2
799,1427,800,2,1
803,1347,804,2,1
806,1347,824,3,0
811,1347,810,1,1
812,1347,811,1,2
813,1347,812,1,2
814,1347,813,1,2
815,1347,814,1,2
817,1427,818,2,1
821,1347,822,2,1
822,1347,823,2,1
823,1347,824,2,1
824,1347,1347,4,0
828,1347,845,3,2
828,1427,846,2,0
829,1347,811,0,3
829,1427,847,3,0
830,1347,812,0,3
830,1427,848,3,0
831,1347,813,0,3
832,1347,831,1,2
835,1427,836,2,1
842,1347,824,0,3
845,1427,863,3,0
846,1427,863,3,2
847,1427,846,1,1
848,1427,847,1,2
863,1427,862,1,2
866,1427,865,1,2
919,1427,918,1,1
972,1427,989,3,2
1043,1427,1042,1,2
1045,1427,1044,1,1
1061,1427,1060,1,2
1064,1330,1065,2,1
1079,1427,1078,1,2
1082,1330,1100,3,0
1083,1330,1065,0,3
1084,1330,1066,0,3
1085,1330,1067,0,3
1089,1330,1071,0,3
1090,1330,1072,0,3
1100,1330,1099,1,2
1120,1427,1119,1,2
1136,1330,1135,1,2
1139,1414,1157,3,0
1154,1330,1153,1,2
1172,1330,1171,1,2
1190,1330,1189,1,2
1194,1330,1193,1,2
1208,1330,1207,1,2
1210,1330,1209,1,2
1211,1330,1210,1,2
1212,1330,1211,1,2
1229,1330,1228,1,2
1247,1330,1246,1,2
1284,1330,1283,1,2
1297,1347,806,0,4
1297,1357,806,0,4
1298,1347,824,0,4
1299,1347,823,0,4
1309,1347,806,0,4
1310,1347,823,0,4
1314,1347,754,0,4
1322,1347,824,0,4
1323,1347,824,0,4
1325,1445,1151,0,4
1326,1347,754,0,4
1329,1347,824,0,4
1330,1408,1099,0,4
1330,1409,1099,0,4
1330,1410,1099,0,4
1330,1411,1099,0,4
1330,1446,1099,0,4
1332,1347,806,0,4
1333,1347,823,0,4
1337,1347,823,0,4
1338,1347,806,0,4
1339,1347,824,0,4
1340,1347,806,0,4
1347,1297,824,0,4
1347,1298,824,0,4
1347,1299,824,0,4
1347,1301,824,0,4
1347,1309,824,0,4
1347,1310,824,0,4
1347,1314,824,0,4
1347,1315,824,0,4
1347,1317,824,0,4
1347,1322,824,0,4
1347,1323,824,0,4
1347,1326,824,0,4
1347,1329,824,0,4
1347,1331,824,0,4
1347,1332,824,0,4
1347,1333,824,0,4
1347,1337,824,0,4
1347,1338,824,0,4
1347,1339,824,0,4
1347,1340,824,0,4
1347,1346,824,0,4
1347,1350,824,0,4
1347,1356,824,0,4
1347,1374,824,0,4
1347,1375,824,0,4
1347,1376,824,0,4
1347,1377,824,0,4
1347,1378,824,0,4
1347,1379,824,0,4
1347,1380,824,0,4
1347,1429,824,0,4
1347,1431,824,0,4
1347,1432,824,0,4
1347,1434,824,0,4
1347,1435,824,0,4
1347,1436,824,0,4
1347,1437,824,0,4
1347,1438,824,0,4
1347,1441,824,0,4
1347,1442,824,0,4
1347,1443,824,0,4
1347,1447,824,0,4
1347,1455,824,0,4
1347,1456,824,0,4
1347,1457,824,0,4
1347,1458,824,0,4
1347,1459,824,0,4
1350,1347,824,0,4
1356,1347,824,0,4
1357,1297,824,0,4
1360,1423,1,0,4
1376,1347,688,0,4
1381,1396,1238,0,4
1383,1384,902,0,4
1384,1383,902,0,4
1385,1388,954,0,4
1388,1385,972,0,4
1396,1381,1238,0,4
1423,1360,1288,0,4
1427,1319,862,0,4
1427,1336,862,0,4
1427,1352,862,0,4
1427,1362,862,0,4
1427,1365,862,0,4
1427,1367,862,0,4
1427,1383,862,0,4
1427,1384,862,0,4
1427,1385,862,0,4
1427,1391,862,0,4
1427,1417,862,0,4
1427,1418,862,0,4
1427,1419,862,0,4
1427,1420,862,0,4
1427,1421,862,0,4
1427,1423,862,0,4
1427,1424,862,0,4
1427,1425,862,0,4
1427,1426,862,0,4
1427,1442,862,0,4
1445,1325,1241,0,4
1447,1347,733,0,4
