16,1332,15,0,1
51,1332,50,1,2
71,1332,70,1,2
104,1332,103,1,2
106,1332,105,1,2
128,1399,129,2,1
131,1399,132,2,1
139,1332,138,1,2
140,1332,139,1,2
144,1399,145,1,1
145,1399,146,2,1
149,1399,150,2,1
159,1399,158,1,2
161,1399,144,2,3
162,1399,144,0,2
167,1399,168,2,1
177,1399,176,1,2
179,1399,161,0,3
185,1399,186,2,1
195,1399,194,1,2
203,1399,204,2,1
211,1410,212,2,1
215,1399,198,2,3
221,1399,222,2,1
229,1410,247,3,0
230,1410,212,0,3
231,1410,213,0,3
232,1399,233,2,1
247,1410,246,1,2
248,1410,247,1,2
266,1410,265,1,2
267,1399,266,1,2
286,1432,287,2,1
337,1410,336,1,2
355,1410,354,1,2
359,1410,358,1,2
373,1410,372,1,2
376,1410,375,1,2
391,1410,390,1,2
393,1410,392,1,2
397,1410,396,1,1
409,1410,408,1,2
473,1348,491,3,0
501,1399,519,3,0
502,1399,520,3,0
503,1410,502,1,2
520,1399,538,3,0
521,1399,539,3,0
522,1399,540,2,0
541,1399,559,3,0
560,1399,578,3,0
591,1410,590,1,2
597,1399,615,3,0
610,1410,609,1,2
616,1399,634,3,0
626,1410,625,1,2
627,1410,626,1,2
635,1399,653,3,0
816,1342,815,1,2
821,1342,822,2,1
822,1342,804,0,3
823,1342,805,0,3
824,1342,806,0,3
828,1342,810,0,2
829,1342,811,0,3
830,1342,812,0,3
831,1342,813,0,3
834,1342,833,1,2
839,1342,821,0,3
840,1342,822,0,3
841,1342,823,0,3
842,1342,824,0,3
843,1342,825,0,3
844,1342,826,0,3
845,1342,827,0,3
849,1342,831,0,3
852,1342,851,1,2
861,1342,843,0,3
862,1342,844,0,3
870,1342,869,1,2
879,1342,861,0,3
884,1342,866,0,3
888,1342,887,1,2
902,1342,884,0,3
906,1342,905,1,2
920,1342,902,0,3
923,1342,922,1,2
924,1342,906,0,3
937,1342,919,0,3
941,1342,940,1,2
942,1342,924,0,3
950,1342,951,2,1
955,1342,937,0,3
959,1342,941,0,3
960,1342,942,0,3
967,1342,949,0,3
968,1342,969,2,1
977,1342,959,0,3
981,1365,980,1,2
986,1342,987,2,1
987,1365,969,0,3
988,1365,970,0,3
989,1365,971,0,3
990,1342,972,0,2
990,1365,972,0,2
991,1365,973,0,3
992,1365,974,0,3
993,1342,975,0,3
993,1365,975,0,3
994,1365,976,0,3
995,1342,977,0,3
995,1365,977,0,3
996,1342,1014,3,0
996,1365,978,0,3
997,1342,1015,3,0
997,1365,979,0,3
998,1342,1016,3,0
998,1365,997,1,2
999,1342,1017,3,0
999,1365,998,1,2
1000,1342,1018,3,0
1001,1342,1019,3,0
1004,1342,1005,2,1
1005,1365,987,0,3
1006,1365,988,0,3
1007,1365,989,0,3
1008,1342,990,0,2
1008,1365,990,0,2
1009,1365,991,0,3
1010,1342,992,0,3
1010,1365,992,0,3
1014,1342,1032,3,0
1014,1365,996,0,3
1015,1342,1033,3,0
1016,1342,1034,3,0
1016,1365,1015,1,2
1017,1342,1018,2,1
1017,1365,1016,1,2
1018,1342,1036,3,0
1019,1342,1037,3,0
1026,1365,1008,0,2
1027,1342,1009,0,3
1027,1365,1009,0,3
1029,1332,1030,2,1
1032,1365,1014,0,3
1034,1365,1033,1,2
1035,1365,1034,1,2
1038,1342,1056,3,0
1044,1342,1026,0,2
1047,1332,1065,3,0
1048,1332,1030,0,3
1049,1332,1031,0,3
1050,1332,1032,0,3
1050,1365,1032,0,3
1052,1365,1051,1,2
1053,1365,1052,1,2
1055,1332,1037,0,3
1057,1342,1056,1,2
1061,1342,1043,0,3
1065,1332,1064,1,2
1067,1365,1049,0,3
1068,1365,1050,0,3
1070,1365,1069,1,2
1071,1365,1070,1,2
1075,1342,1074,1,2
1076,1342,1075,1,2
1082,1342,1100,3,0
1085,1365,1067,0,3
1088,1365,1087,1,2
1089,1365,1088,1,2
1094,1342,1093,1,2
1095,1342,1113,3,0
1096,1342,1078,0,3
1101,1332,1100,1,2
1103,1365,1085,0,3
1106,1365,1105,1,2
1107,1365,1089,0,3
1119,1332,1118,1,2
1120,1365,1102,0,3
1124,1365,1106,0,3
1125,1365,1107,0,3
1137,1332,1136,1,2
1138,1365,1120,0,3
1141,1365,1123,0,3
1142,1332,1141,1,2
1142,1365,1124,0,3
1143,1365,1125,0,3
1151,1365,1134,2,3
1155,1332,1154,1,2
1156,1365,1138,0,3
1158,1365,1140,0,3
1159,1332,1158,1,2
1160,1365,1142,0,3
1162,1365,1180,3,0
1163,1365,1181,3,0
1164,1365,1165,2,1
1165,1365,1166,2,1
1166,1365,1167,2,1
1167,1365,1185,3,0
1168,1365,1186,3,0
1169,1365,1187,3,0
1173,1332,1172,1,2
1173,1365,1155,0,3
1175,1365,1157,0,3
1176,1332,1175,1,2
1178,1365,1160,0,3
1179,1365,1197,3,0
1180,1365,1198,3,0
1181,1365,1182,2,1
1182,1365,1183,2,1
1183,1365,1184,2,1
1184,1365,1202,3,0
1185,1365,1203,3,0
1186,1365,1204,3,0
1187,1365,1205,3,0
1191,1332,1190,1,2
1192,1332,1191,1,2
1209,1332,1208,1,2
1215,1332,1214,1,2
1296,1365,978,0,4
1298,1365,1116,0,4
1299,1365,960,0,4
1310,1365,960,0,4
1311,1342,1272,0,4
1311,1365,910,0,4
1312,1365,944,0,4
1314,1365,1098,0,4
1316,1365,979,0,4
1317,1365,1046,0,4
1318,1365,1098,0,4
1320,1365,1220,0,4
1323,1365,1116,0,4
1324,1365,944,0,4
1326,1365,1098,0,4
1328,1365,755,0,4
1329,1365,1220,0,4
1330,1365,1047,0,4
1332,1365,1012,0,4
1332,1401,892,0,4
1332,1409,1064,0,4
1332,1410,1064,0,4
1332,1411,1064,0,4
1332,1448,1064,0,4
1334,1345,1289,0,4
1336,1365,1098,0,4
1336,1442,737,0,4
1338,1365,1081,0,4
1340,1365,1081,0,4
1341,1342,1272,0,4
1342,1311,1289,0,4
1342,1312,807,0,4
1342,1322,807,0,4
1342,1324,807,0,4
1342,1341,1289,0,4
1342,1351,807,0,4
1342,1352,790,0,4
1342,1353,790,0,4
1342,1355,1289,0,4
1342,1359,807,0,4
1342,1362,1289,0,4
1342,1365,790,0,4
1342,1366,790,0,4
1342,1385,790,0,4
1342,1386,790,0,4
1342,1387,790,0,4
1342,1389,790,0,4
1342,1390,1289,0,4
1342,1398,790,0,4
1342,1399,790,0,4
1342,1400,1289,0,4
1342,1402,807,0,4
1342,1406,790,0,4
1342,1407,790,0,4
1342,1413,790,0,4
1342,1416,807,0,4
1342,1427,790,0,4
1342,1430,807,0,4
1342,1433,807,0,4
1342,1439,790,0,4
1342,1440,807,0,4
1342,1455,807,0,4
1342,1456,807,0,4
1345,1334,1289,0,4
1346,1396,1133,0,4
1351,1365,961,0,4
1355,1342,1255,0,4
1355,1365,927,0,4
1356,1358,789,0,4
1356,1365,1116,0,4
1358,1356,807,0,4
1359,1365,927,0,4
1362,1342,149,0,4
1363,1399,972,0,4
1363,1410,166,0,4
1365,1296,920,0,4
1365,1297,937,0,4
1365,1298,954,0,4
1365,1299,920,0,4
1365,1301,937,0,4
1365,1309,920,0,4
1365,1310,920,0,4
1365,1311,920,0,4
1365,1312,920,0,4
1365,1313,920,0,4
1365,1314,954,0,4
1365,1315,937,0,4
1365,1316,920,0,4
1365,1317,920,0,4
1365,1318,954,0,4
1365,1320,80,0,4
1365,1323,954,0,4
1365,1324,920,0,4
1365,1325,937,0,4
1365,1326,954,0,4
1365,1327,920,0,4
1365,1328,954,0,4
1365,1329,80,0,4
1365,1330,920,0,4
1365,1331,920,0,4
1365,1332,920,0,4
1365,1333,920,0,4
1365,1336,954,0,4
1365,1337,920,0,4
1365,1338,937,0,4
1365,1339,954,0,4
1365,1340,937,0,4
1365,1346,937,0,4
1365,1349,954,0,4
1365,1351,920,0,4
1365,1352,937,0,4
1365,1353,937,0,4
1365,1355,920,0,4
1365,1356,954,0,4
1365,1359,920,0,4
1365,1361,920,0,4
1365,1389,954,0,4
1365,1394,954,0,4
1365,1396,920,0,4
1365,1400,954,0,4
1365,1401,920,0,4
1365,1402,920,0,4
1365,1406,115,0,4
1365,1407,149,0,4
1365,1411,920,0,4
1365,1413,954,0,4
1371,1392,4,0,4
1372,1410,1188,0,4
1375,1378,654,0,4
1378,1375,654,0,4
1382,1410,212,0,4
1386,1342,1024,0,4
1387,1342,1024,0,4
1389,1365,972,0,4
1390,1342,132,0,4
1392,1371,4,0,4
1394,1365,720,0,4
1396,1346,1169,0,4
1396,1365,979,0,4
1398,1342,1024,0,4
1399,1342,1024,0,4
1399,1363,1007,0,4
1399,1374,150,0,4
1399,1408,150,0,4
1399,1416,150,0,4
1399,1447,150,0,4
1400,1342,201,0,4
1400,1365,972,0,4
1401,1332,910,0,4
1402,1365,944,0,4
1406,1365,115,0,4
1407,1365,167,0,4
1408,1399,228,0,4
1410,1306,177,0,4
1410,1307,177,0,4
1410,1308,177,0,4
1410,1363,177,0,4
1410,1364,177,0,4
1410,1372,1188,0,4
1410,1382,194,0,4
1410,1388,177,0,4
1410,1413,246,0,4
1410,1416,246,0,4
1410,1445,263,0,4
1410,1447,246,0,4
1413,1342,1060,0,4
1427,1342,862,0,4
1430,1342,879,0,4
1433,1342,879,0,4
1440,1342,879,0,4
1442,1336,809,0,4
1445,1410,281,0,4
1447,1399,302,0,4
1455,1342,825,0,4
1456,1342,825,0,4
