3,1350,4,1,0
6,1350,1293,3,3
12,1350,11,0,1
13,1350,1282,3,3
19,1387,37,3,0
21,1350,22,2,1
24,1350,6,0,2
30,1350,12,0,2
41,1350,23,0,3
42,1350,24,0,3
46,1350,28,0,3
47,1350,29,0,3
51,1350,33,0,3
59,1350,41,0,3
60,1350,42,0,3
63,1350,45,0,3
64,1350,46,0,3
72,1387,90,2,0
77,1350,59,0,3
78,1350,60,0,3
80,1350,62,0,3
81,1350,63,0,3
85,1350,84,1,2
86,1350,68,0,3
94,1350,76,0,3
95,1350,77,0,3
96,1350,78,0,3
97,1350,79,0,3
98,1350,80,0,3
103,1350,102,1,2
103,1401,102,1,2
112,1350,94,0,3
113,1350,95,0,3
114,1350,96,0,3
115,1350,97,0,3
121,1350,120,1,2
129,1387,147,3,0
130,1350,112,0,3
131,1350,113,0,3
132,1350,114,0,3
137,1350,119,0,3
139,1350,138,1,2
143,1387,161,3,0
144,1387,162,2,0
145,1387,163,3,0
146,1387,164,3,0
148,1350,130,0,3
149,1350,131,0,3
149,1387,167,3,0
155,1350,137,0,3
157,1350,156,1,2
161,1387,179,3,0
162,1387,163,1,1
166,1350,148,0,3
167,1387,1387,4,0
172,1350,154,0,3
175,1350,174,1,2
177,1387,178,2,1
179,1387,162,2,3
185,1387,167,0,3
190,1350,172,0,3
192,1350,191,1,2
193,1350,192,1,2
195,1387,196,2,1
203,1387,185,0,3
210,1350,209,1,2
211,1350,210,1,2
213,1387,214,2,1
221,1387,203,0,3
225,1350,207,0,3
228,1350,227,1,2
229,1350,211,0,3
233,1387,215,0,3
239,1387,221,0,3
242,1350,224,0,3
246,1350,228,0,3
247,1350,229,0,3
260,1350,242,0,3
263,1350,245,0,3
264,1350,246,0,3
265,1350,247,0,3
273,1350,274,2,1
278,1350,260,0,3
280,1350,262,0,3
282,1350,264,0,3
285,1387,267,0,3
290,1350,291,2,1
291,1350,292,2,1
295,1350,277,0,3
297,1350,279,0,3
300,1350,282,0,3
301,1350,319,3,0
302,1350,320,3,0
303,1350,321,3,0
303,1387,304,2,1
304,1350,322,3,0
305,1350,323,3,0
307,1350,308,2,1
313,1350,295,0,3
315,1350,297,0,3
319,1350,337,3,0
320,1350,338,3,0
321,1350,339,3,0
321,1387,322,2,1
322,1350,340,3,0
323,1350,341,3,0
324,1350,342,2,0
330,1350,312,0,3
332,1350,314,0,3
339,1387,340,2,1
343,1350,361,3,0
348,1350,330,0,3
349,1350,331,0,3
357,1387,358,2,1
362,1350,361,1,2
366,1350,348,0,3
375,1387,376,2,1
380,1350,379,1,2
381,1350,399,3,0
383,1350,365,0,3
393,1387,394,2,1
399,1350,417,3,0
411,1387,412,2,1
429,1387,430,2,1
447,1387,448,2,1
465,1387,466,2,1
504,1387,486,0,2
508,1321,526,3,0
519,1387,501,0,3
520,1387,502,0,3
521,1387,503,0,3
523,1387,505,0,3
542,1387,524,0,3
579,1387,561,0,3
598,1387,580,0,3
617,1387,599,0,3
694,1336,695,2,1
722,1352,740,3,0
723,1352,741,3,0
739,1352,740,2,1
741,1352,759,3,0
742,1352,760,3,0
756,1352,757,1,1
759,1352,777,3,0
760,1352,778,3,0
774,1352,775,1,1
778,1352,796,3,0
779,1352,778,1,2
791,1352,774,2,3
792,1352,793,1,1
797,1352,796,1,2
798,1352,797,1,2
808,1352,809,2,1
809,1352,792,2,3
816,1352,815,1,2
817,1352,835,3,0
818,1352,836,3,0
819,1352,837,3,0
820,1352,838,3,0
821,1352,839,3,0
825,1352,826,2,1
827,1352,810,2,3
831,1352,849,3,0
834,1352,852,3,0
835,1352,853,3,0
836,1352,854,3,0
837,1352,855,3,0
838,1352,856,3,0
839,1352,857,3,0
840,1352,839,1,2
842,1352,843,2,1
843,1352,844,2,1
845,1352,828,2,3
849,1352,867,3,0
853,1352,871,3,0
854,1352,872,3,0
855,1352,873,3,0
856,1352,874,3,0
858,1352,857,1,2
860,1352,861,2,1
862,1352,863,2,1
866,1352,884,3,0
867,1352,885,3,0
875,1352,874,1,2
876,1352,875,1,2
877,1352,878,2,1
880,1352,881,2,1
884,1352,902,3,0
885,1352,903,3,0
892,1352,891,1,2
893,1352,892,1,2
894,1352,893,1,2
898,1352,899,2,1
902,1352,920,3,0
903,1352,921,3,0
910,1352,909,1,2
911,1352,910,1,2
912,1352,911,1,2
915,1352,916,2,1
916,1352,917,2,1
920,1352,938,3,0
928,1352,927,1,2
929,1352,928,1,2
933,1352,934,2,1
936,1354,954,2,0
938,1352,956,3,0
939,1422,938,1,2
946,1352,945,1,2
947,1352,946,1,2
951,1352,952,2,1
956,1352,957,2,1
964,1352,963,1,2
965,1352,964,1,2
968,1352,969,2,1
969,1352,970,2,1
973,1352,974,2,1
974,1352,975,2,1
982,1352,981,1,2
983,1352,982,1,2
986,1352,987,2,1
990,1352,991,1,1
991,1352,992,2,1
992,1352,993,2,1
993,1352,1352,4,0
994,1352,993,1,2
995,1352,994,1,2
996,1352,995,1,2
1000,1352,999,1,2
1001,1352,1000,1,2
1004,1352,1005,2,1
1005,1352,1006,2,1
1006,1352,1007,2,1
1007,1352,990,2,3
1010,1352,1011,2,1
1011,1352,993,0,3
1012,1352,994,0,3
1013,1352,995,0,3
1014,1352,996,0,3
1018,1352,1017,1,2
1019,1352,1018,1,2
1029,1352,1011,0,3
1030,1352,1012,0,3
1031,1352,1013,0,3
1036,1352,1035,1,2
1057,1341,1075,3,0
1096,1341,1114,3,0
1107,1341,1108,2,1
1112,1341,1130,3,0
1114,1341,1132,3,0
1124,1341,1125,2,1
1125,1341,1126,2,1
1132,1341,1150,3,0
1147,1341,1148,2,1
1148,1341,1149,2,1
1150,1341,1168,3,0
1164,1341,1165,2,1
1165,1341,1166,2,1
1166,1341,1167,2,1
1168,1341,1186,3,0
1179,1341,1180,2,1
1180,1341,1181,2,1
1181,1341,1182,2,1
1182,1341,1183,2,1
1183,1341,1184,2,1
1184,1341,1185,2,1
1185,1341,1186,2,1
1186,1341,1341,4,0
1204,1341,1186,0,3
1246,1350,1245,1,2
1248,1350,1249,2,1
1249,1350,1231,0,3
1250,1350,1232,0,3
1251,1350,1233,0,3
1254,1350,1255,2,1
1263,1350,1262,1,2
1264,1350,1263,1,2
1266,1350,1248,0,3
1267,1350,1249,0,3
1268,1350,1250,0,3
1272,1350,1273,2,1
1273,1350,1255,0,3
1274,1350,1256,0,3
1275,1350,1257,0,3
1276,1350,1258,0,3
1281,1350,1280,1,2
1282,1350,1264,0,3
1290,1350,1291,2,1
1293,1350,1275,0,3
1294,1350,1276,0,3
1298,1341,1186,0,4
1300,1352,945,0,4
1304,1406,168,0,4
1321,1336,1221,0,4
1323,1341,1186,0,4
1326,1341,1168,0,4
1329,1341,1186,0,4
1336,1321,1185,0,4
1336,1341,1168,0,4
1339,1341,1186,0,4
1341,1298,1186,0,4
1341,1303,1186,0,4
1341,1304,1186,0,4
1341,1305,1186,0,4
1341,1306,1186,0,4
1341,1307,1186,0,4
1341,1308,1186,0,4
1341,1314,1186,0,4
1341,1323,1186,0,4
1341,1326,1186,0,4
1341,1329,1186,0,4
1341,1336,1186,0,4
1341,1339,1186,0,4
1341,1356,1186,0,4
1341,1366,1186,0,4
1341,1386,1186,0,4
1341,1387,1186,0,4
1341,1398,1186,0,4
1341,1399,1186,0,4
1341,1406,1186,0,4
1341,1407,1186,0,4
1341,1413,1186,0,4
1341,1424,1186,0,4
1342,1350,773,0,4
1345,1350,1255,0,4
1348,1350,1238,0,4
1350,1342,773,0,4
1350,1345,1237,0,4
1350,1348,1220,0,4
1350,1358,807,0,4
1350,1360,807,0,4
1350,1363,773,0,4
1350,1364,773,0,4
1350,1369,1203,0,4
1350,1370,1203,0,4
1350,1371,1203,0,4
1350,1372,1203,0,4
1350,1382,1203,0,4
1350,1388,773,0,4
1350,1392,1203,0,4
1350,1393,1203,0,4
1350,1403,1203,0,4
1350,1404,1203,0,4
1350,1405,1220,0,4
1350,1412,1203,0,4
1350,1423,773,0,4
1350,1425,1237,0,4
1350,1449,1203,0,4
1350,1450,1203,0,4
1350,1451,1203,0,4
1350,1452,1203,0,4
1350,1453,1203,0,4
1350,1454,1203,0,4
1352,1300,993,0,4
1352,1358,993,0,4
1352,1362,993,0,4
1352,1363,993,0,4
1352,1364,993,0,4
1352,1365,993,0,4
1352,1367,993,0,4
1352,1373,993,0,4
1352,1381,993,0,4
1352,1383,993,0,4
1352,1384,993,0,4
1352,1385,993,0,4
1352,1386,993,0,4
1352,1388,993,0,4
1352,1389,993,0,4
1352,1391,993,0,4
1352,1396,993,0,4
1352,1400,993,0,4
1352,1403,993,0,4
1352,1414,993,0,4
1352,1415,993,0,4
1352,1416,993,0,4
1352,1422,993,0,4
1352,1428,993,0,4
1352,1429,993,0,4
1352,1434,993,0,4
1352,1435,993,0,4
1352,1437,993,0,4
1352,1438,993,0,4
1352,1442,993,0,4
1352,1455,993,0,4
1352,1456,993,0,4
1352,1460,993,0,4
1356,1341,1186,0,4
1358,1350,825,0,4
1360,1350,825,0,4
1362,1352,955,0,4
1363,1350,955,0,4
1363,1352,921,0,4
1363,1387,184,0,4
1364,1350,955,0,4
1364,1387,167,0,4
1365,1352,955,0,4
1367,1352,885,0,4
1369,1350,1223,0,4
1370,1350,1275,0,4
1370,1387,178,0,4
1371,1350,1223,0,4
1372,1350,1258,0,4
1381,1352,1014,0,4
1382,1350,1258,0,4
1386,1352,972,0,4
1387,1363,167,0,4
1387,1364,167,0,4
1387,1368,167,0,4
1387,1369,167,0,4
1387,1370,167,0,4
1387,1371,167,0,4
1387,1372,167,0,4
1387,1374,167,0,4
1387,1382,167,0,4
1387,1388,167,0,4
1387,1392,167,0,4
1387,1393,167,0,4
1387,1405,167,0,4
1387,1408,167,0,4
1387,1409,167,0,4
1387,1412,167,0,4
1387,1416,167,0,4
1387,1447,167,0,4
1387,1449,167,0,4
1387,1450,167,0,4
1387,1451,167,0,4
1387,1452,167,0,4
1387,1453,167,0,4
1387,1454,167,0,4
1388,1350,955,0,4
1388,1387,167,0,4
1391,1352,920,0,4
1392,1350,1223,0,4
1393,1350,1223,0,4
1396,1352,1014,0,4
1403,1350,1204,0,4
1403,1352,1014,0,4
1406,1304,150,0,4
1406,1341,1042,0,4
1407,1341,1042,0,4
1412,1350,1293,0,4
1416,1352,853,0,4
1423,1350,738,0,4
1424,1341,1185,0,4
1428,1352,793,0,4
1429,1352,793,0,4
1434,1352,793,0,4
1435,1352,741,0,4
1437,1352,741,0,4
1438,1352,793,0,4
1447,1387,303,0,4
1449,1350,1188,0,4
1450,1350,1188,0,4
1451,1350,1188,0,4
1452,1387,178,0,4
1453,1350,1275,0,4
1453,1387,178,0,4
1454,1387,178,0,4
