34,1346,33,1,2
54,1346,71,3,2
69,1346,68,1,2
80,1455,79,1,2
83,1455,65,0,3
84,1455,66,0,3
85,1455,67,0,3
86,1455,68,0,3
88,1455,89,2,1
89,1346,88,1,2
90,1455,72,0,2
91,1455,73,0,3
92,1455,74,0,3
93,1455,75,0,3
97,1455,96,1,2
98,1455,97,1,2
101,1455,83,0,3
102,1455,84,0,3
103,1455,85,0,3
104,1455,86,0,3
106,1455,107,2,1
107,1455,89,0,3
110,1455,92,0,3
115,1455,114,1,2
116,1455,115,1,2
124,1455,125,2,1
128,1455,110,0,3
133,1455,132,1,2
134,1455,116,0,3
142,1455,143,2,1
144,1427,161,3,2
145,1455,127,0,3
146,1455,128,0,3
151,1455,133,0,3
152,1455,134,0,3
156,1455,138,0,3
157,1346,156,1,2
158,1346,157,1,2
160,1455,161,2,1
163,1455,145,0,3
168,1455,150,0,3
169,1455,151,0,3
178,1455,179,2,1
181,1455,163,0,3
186,1455,168,0,3
187,1455,169,0,3
191,1455,173,0,3
196,1455,197,2,1
198,1455,180,0,2
199,1455,181,0,3
202,1455,184,0,3
216,1455,198,0,2
217,1455,199,0,3
218,1308,236,3,0
219,1455,201,0,3
220,1455,202,0,3
234,1455,216,0,2
235,1455,217,0,3
236,1455,218,0,3
237,1455,219,0,3
242,1455,241,1,2
252,1455,234,0,2
253,1455,235,0,3
254,1455,236,0,3
260,1455,259,1,2
270,1455,252,0,2
271,1455,253,0,3
277,1455,276,1,2
278,1455,277,1,2
287,1455,269,0,3
288,1455,270,0,2
294,1455,276,0,3
296,1455,295,1,2
305,1455,287,0,3
314,1455,313,1,2
323,1455,305,0,3
329,1455,311,0,3
332,1455,331,1,2
349,1455,348,1,2
350,1455,349,1,2
364,1455,346,0,3
367,1455,366,1,2
368,1455,350,0,3
382,1455,364,0,3
385,1455,367,0,3
386,1455,368,0,3
395,1410,394,1,2
402,1455,384,0,3
403,1455,385,0,3
404,1455,386,0,3
417,1455,399,0,3
419,1455,401,0,3
421,1455,403,0,3
430,1455,431,2,1
434,1455,416,0,3
439,1455,421,0,3
440,1455,458,3,0
441,1455,459,3,0
442,1455,460,3,0
443,1455,444,2,1
444,1455,445,2,1
445,1455,463,3,0
446,1455,464,3,0
447,1455,465,3,0
448,1455,466,3,0
596,1407,578,0,3
849,1346,831,0,3
850,1346,832,0,3
851,1346,833,0,3
852,1346,851,1,2
853,1346,852,1,2
854,1346,853,1,2
867,1346,866,1,2
873,1346,874,2,1
910,1346,892,0,3
929,1346,911,0,3
947,1346,948,2,1
965,1346,966,2,1
972,1321,989,3,2
983,1346,984,2,1
989,1321,971,0,3
991,1321,992,2,1
1001,1346,1002,2,1
1007,1321,989,0,3
1010,1321,1011,2,1
1019,1346,1020,2,1
1028,1321,1029,2,1
1037,1346,1038,2,1
1047,1321,1048,2,1
1047,1346,1065,3,0
1048,1346,1066,3,0
1055,1346,1056,2,1
1065,1346,1064,1,2
1066,1321,1048,0,3
1066,1346,1065,1,2
1084,1346,1083,1,2
1085,1321,1067,0,3
1122,1321,1104,0,3
1137,1346,1136,1,2
1141,1321,1123,0,3
1143,1346,1142,1,2
1155,1346,1154,1,2
1159,1321,1160,2,1
1160,1346,1159,1,2
1170,1321,1188,2,0
1173,1346,1172,1,2
1177,1321,1178,2,1
1177,1346,1176,1,2
1187,1321,1205,3,0
1188,1321,1205,3,2
1191,1346,1190,1,2
1194,1346,1193,1,2
1205,1321,1204,1,2
1209,1346,1208,1,2
1210,1346,1209,1,2
1227,1346,1226,1,2
1233,1346,1232,1,2
1268,1346,1267,1,2
1298,1453,1238,0,4
1309,1346,1099,0,4
1318,1321,1168,0,4
1321,1315,1204,0,4
1321,1318,1204,0,4
1321,1338,1204,0,4
1321,1340,1204,0,4
1321,1346,1204,0,4
1321,1352,1204,0,4
1321,1353,1204,0,4
1321,1362,945,0,4
1321,1365,945,0,4
1321,1385,945,0,4
1321,1389,1204,0,4
1321,1390,1204,0,4
1321,1400,1204,0,4
1321,1408,1204,0,4
1321,1409,1204,0,4
1321,1410,1204,0,4
1321,1411,1204,0,4
1321,1445,1256,0,4
1321,1446,1204,0,4
1339,1398,1203,0,4
1345,1392,1238,0,4
1346,1309,1081,0,4
1346,1324,1064,0,4
1346,1355,1081,0,4
1346,1361,1064,0,4
1346,1384,1064,0,4
1346,1402,1064,0,4
1346,1403,1064,0,4
1346,1408,1064,0,4
1346,1411,1064,0,4
1346,1448,1064,0,4
1355,1346,1117,0,4
1362,1321,955,0,4
1363,1400,184,0,4
1365,1321,955,0,4
1366,1455,972,0,4
1368,1455,108,0,4
1369,1455,56,0,4
1370,1455,39,0,4
1372,1455,22,0,4
1380,1455,258,0,4
1382,1455,22,0,4
1385,1321,955,0,4
1385,1407,150,0,4
1387,1455,1042,0,4
1389,1321,1042,0,4
1390,1321,1042,0,4
1392,1345,1292,0,4
1394,1398,1220,0,4
1397,1455,1273,0,4
1398,1339,1059,0,4
1398,1394,1076,0,4
1400,1363,184,0,4
1405,1455,74,0,4
1406,1455,1042,0,4
1407,1385,150,0,4
1412,1455,74,0,4
1413,1455,1078,0,4
1443,1455,689,0,4
1445,1321,1276,0,4
1445,1455,1276,0,4
1449,1455,56,0,4
1450,1455,39,0,4
1451,1455,39,0,4
1452,1455,39,0,4
1453,1298,1275,0,4
1453,1455,39,0,4
1454,1455,39,0,4
1455,1362,71,0,4
1455,1365,71,0,4
1455,1366,826,0,4
1455,1368,36,0,4
1455,1369,19,0,4
1455,1370,19,0,4
1455,1372,19,0,4
1455,1374,19,0,4
1455,1375,71,0,4
1455,1376,71,0,4
1455,1377,71,0,4
1455,1378,71,0,4
1455,1379,71,0,4
1455,1380,19,0,4
1455,1382,19,0,4
1455,1387,826,0,4
1455,1397,19,0,4
1455,1405,19,0,4
1455,1406,826,0,4
1455,1408,71,0,4
1455,1409,71,0,4
1455,1410,71,0,4
1455,1411,71,0,4
1455,1412,19,0,4
1455,1413,826,0,4
1455,1443,826,0,4
1455,1444,19,0,4
1455,1445,19,0,4
1455,1446,71,0,4
1455,1449,19,0,4
1455,1450,19,0,4
1455,1451,19,0,4
1455,1452,19,0,4
1455,1453,19,0,4
1455,1454,19,0,4
