1,1400,19,2,0
16,1400,34,2,0
17,1424,0,1,2
54,1400,72,2,0
71,1308,89,3,0
124,1308,142,3,0
125,1400,143,3,0
130,1400,148,3,0
147,1400,165,3,0
148,1400,166,3,0
156,1358,157,2,1
162,1400,180,2,0
163,1400,181,3,0
164,1400,182,3,0
166,1400,184,3,0
177,1308,195,3,0
179,1400,197,3,0
180,1400,181,1,1
181,1400,182,2,1
183,1400,184,2,1
184,1400,1400,4,0
185,1303,186,2,1
195,1303,194,1,2
196,1303,197,2,1
196,1400,197,2,1
197,1303,179,0,3
197,1400,180,2,3
202,1400,184,0,3
203,1303,204,2,1
204,1303,186,0,3
205,1303,187,0,3
213,1303,195,0,3
214,1303,196,0,3
215,1303,197,0,3
216,1308,234,2,0
221,1303,222,2,1
223,1303,205,0,3
230,1308,248,3,0
236,1308,254,3,0
239,1303,240,2,1
241,1303,223,0,3
248,1308,266,3,0
249,1308,267,3,0
250,1308,268,3,0
251,1308,269,3,0
254,1308,1308,4,0
259,1303,241,0,3
264,1308,265,2,1
266,1308,267,2,1
267,1303,249,0,3
267,1308,268,2,1
272,1308,254,0,3
276,1303,258,0,3
277,1303,259,0,3
282,1308,283,2,1
285,1303,267,0,3
286,1351,304,3,0
290,1308,272,0,3
294,1303,276,0,3
295,1303,277,0,3
300,1308,301,2,1
303,1303,302,1,2
303,1308,285,0,3
308,1308,290,0,3
312,1303,294,0,3
313,1303,295,0,3
320,1308,302,0,3
321,1303,320,1,2
326,1308,308,0,3
330,1303,312,0,3
331,1303,313,0,3
339,1303,338,1,2
348,1303,330,0,3
349,1303,331,0,3
355,1308,337,0,3
357,1303,356,1,2
366,1303,348,0,3
372,1308,354,0,3
375,1303,374,1,2
390,1308,391,2,1
393,1303,392,1,2
408,1308,409,2,1
411,1303,410,1,2
426,1308,427,2,1
429,1303,411,0,3
444,1308,445,2,1
447,1303,429,0,3
462,1308,463,2,1
465,1303,447,0,3
480,1308,481,2,1
482,1303,464,0,3
483,1303,465,0,3
498,1308,499,2,1
500,1303,482,0,3
516,1308,517,2,1
534,1308,535,2,1
548,1303,530,0,3
552,1308,553,2,1
566,1303,548,0,3
583,1303,565,0,3
584,1303,566,0,3
591,1303,609,3,0
592,1303,610,3,0
601,1303,583,0,3
606,1308,588,0,3
607,1308,589,0,3
608,1308,590,0,3
609,1308,591,0,3
610,1303,628,3,0
628,1308,610,0,3
629,1303,647,3,0
630,1303,648,2,0
647,1308,629,0,3
649,1303,667,3,0
656,1440,674,3,0
666,1308,648,0,2
667,1303,685,3,0
668,1303,686,3,0
685,1308,667,0,3
686,1303,704,3,0
704,1308,686,0,3
705,1303,723,3,0
724,1303,742,3,0
725,1303,743,3,0
784,1372,802,3,0
798,1340,797,1,2
804,1340,805,2,1
805,1340,787,0,3
815,1340,797,0,3
816,1340,815,1,2
822,1340,823,2,1
823,1340,805,0,3
824,1340,806,0,3
833,1340,832,1,2
834,1340,833,1,2
840,1340,822,0,3
841,1340,823,0,3
842,1340,824,0,3
843,1340,825,0,3
851,1340,850,1,2
852,1340,851,1,2
860,1340,842,0,3
861,1340,843,0,3
869,1340,887,3,0
870,1340,888,3,0
878,1340,860,0,3
878,1372,896,3,0
879,1340,861,0,3
879,1372,897,3,0
888,1340,906,3,0
889,1340,907,3,0
896,1340,878,0,3
897,1340,879,0,3
907,1340,925,3,0
908,1340,926,3,0
912,1372,930,3,0
914,1340,896,0,3
914,1372,932,3,0
915,1340,897,0,3
926,1340,944,3,0
927,1340,926,1,2
945,1340,944,1,2
946,1340,945,1,2
947,1372,965,3,0
963,1340,962,1,2
964,1340,963,1,2
964,1372,982,3,0
967,1372,985,3,0
971,1322,989,3,0
981,1372,999,3,0
982,1340,981,1,2
983,1340,982,1,2
1001,1340,1000,1,2
1002,1340,1003,2,1
1002,1372,1020,3,0
1003,1340,1004,2,1
1004,1340,1022,3,0
1020,1340,1021,2,1
1021,1340,1022,2,1
1037,1373,1036,1,2
1055,1372,1073,3,0
1090,1372,1108,3,0
1096,1372,1114,3,0
1107,1372,1108,2,1
1113,1372,1131,3,0
1114,1372,1132,3,0
1129,1372,1147,3,0
1132,1372,1150,3,0
1146,1372,1164,3,0
1150,1372,1168,3,0
1163,1372,1181,3,0
1168,1372,1186,3,0
1180,1372,1198,3,0
1186,1372,1204,3,0
1197,1372,1198,2,1
1198,1372,1199,2,1
1204,1372,1222,3,0
1215,1372,1216,2,1
1216,1372,1217,2,1
1218,1400,1236,3,0
1219,1372,1220,2,1
1233,1372,1234,2,1
1237,1372,1238,2,1
1240,1372,1258,3,0
1250,1372,1251,2,1
1255,1372,1256,2,1
1256,1372,1257,2,1
1257,1372,1258,2,1
1258,1372,1372,4,0
1298,1340,1169,0,4
1300,1340,842,0,4
1303,1374,168,0,4
1303,1379,134,0,4
1303,1380,134,0,4
1303,1416,168,0,4
1303,1428,134,0,4
1303,1429,134,0,4
1303,1431,134,0,4
1303,1434,134,0,4
1303,1437,151,0,4
1303,1438,151,0,4
1303,1441,134,0,4
1303,1447,117,0,4
1303,1458,117,0,4
1308,1368,254,0,4
1308,1370,254,0,4
1308,1372,254,0,4
1308,1382,254,0,4
1308,1405,254,0,4
1308,1409,254,0,4
1308,1410,254,0,4
1308,1412,254,0,4
1308,1416,254,0,4
1308,1444,254,0,4
1308,1445,254,0,4
1308,1446,254,0,4
1308,1447,254,0,4
1308,1449,254,0,4
1308,1450,254,0,4
1308,1451,254,0,4
1308,1452,254,0,4
1308,1453,254,0,4
1308,1454,254,0,4
1308,1457,254,0,4
1308,1458,254,0,4
1308,1459,254,0,4
1311,1340,1204,0,4
1312,1340,1134,0,4
1320,1356,1203,0,4
1321,1340,1187,0,4
1323,1340,807,0,4
1334,1340,825,0,4
1335,1372,1238,0,4
1335,1400,1255,0,4
1339,1372,1186,0,4
1340,1298,1151,0,4
1340,1300,789,0,4
1340,1311,1151,0,4
1340,1312,1116,0,4
1340,1321,1151,0,4
1340,1323,789,0,4
1340,1334,789,0,4
1340,1341,789,0,4
1340,1342,772,0,4
1340,1345,789,0,4
1340,1347,789,0,4
1340,1348,789,0,4
1340,1351,1116,0,4
1340,1354,1099,0,4
1340,1358,772,0,4
1340,1360,789,0,4
1340,1414,772,0,4
1340,1415,772,0,4
1340,1416,789,0,4
1340,1430,772,0,4
1340,1433,772,0,4
1340,1439,772,0,4
1340,1455,772,0,4
1340,1460,789,0,4
1341,1340,842,0,4
1342,1340,808,0,4
1345,1340,825,0,4
1347,1340,825,0,4
1348,1340,825,0,4
1351,1340,1134,0,4
1354,1340,1117,0,4
1354,1372,1204,0,4
1356,1320,1203,0,4
1358,1340,808,0,4
1360,1340,825,0,4
1372,1297,1258,0,4
1372,1301,1258,0,4
1372,1308,230,0,4
1372,1311,1258,0,4
1372,1312,1258,0,4
1372,1316,1258,0,4
1372,1319,1258,0,4
1372,1320,1258,0,4
1372,1321,1258,0,4
1372,1322,1258,0,4
1372,1324,1258,0,4
1372,1328,1258,0,4
1372,1329,1258,0,4
1372,1335,1258,0,4
1372,1339,1258,0,4
1372,1341,1258,0,4
1372,1343,1258,0,4
1372,1349,1258,0,4
1372,1350,1258,0,4
1372,1354,1258,0,4
1372,1355,1258,0,4
1372,1357,1258,0,4
1372,1359,1258,0,4
1372,1381,1258,0,4
1372,1393,22,0,4
1372,1394,1258,0,4
1372,1396,1258,0,4
1372,1397,1258,0,4
1372,1401,1258,0,4
1372,1402,1258,0,4
1372,1403,1258,0,4
1372,1417,1258,0,4
1372,1418,1258,0,4
1372,1419,1258,0,4
1372,1420,1258,0,4
1372,1424,1258,0,4
1372,1426,1258,0,4
1372,1460,1258,0,4
1379,1303,224,0,4
1380,1303,224,0,4
1389,1413,1042,0,4
1393,1372,22,0,4
1400,1334,184,0,4
1400,1335,184,0,4
1400,1342,184,0,4
1400,1345,184,0,4
1400,1347,184,0,4
1400,1348,184,0,4
1400,1358,184,0,4
1400,1360,184,0,4
1400,1368,184,0,4
1400,1369,184,0,4
1400,1370,184,0,4
1400,1371,184,0,4
1400,1372,184,0,4
1400,1382,184,0,4
1400,1392,184,0,4
1400,1393,184,0,4
1400,1405,184,0,4
1400,1408,184,0,4
1400,1409,184,0,4
1400,1410,184,0,4
1400,1411,184,0,4
1400,1412,184,0,4
1400,1418,184,0,4
1400,1421,184,0,4
1400,1422,184,0,4
1400,1423,184,0,4
1400,1444,184,0,4
1400,1449,184,0,4
1400,1450,184,0,4
1400,1451,184,0,4
1400,1452,184,0,4
1400,1453,184,0,4
1400,1454,184,0,4
1403,1372,1239,0,4
1405,1400,196,0,4
1412,1400,196,0,4
1413,1389,1078,0,4
1414,1340,826,0,4
1415,1340,826,0,4
1418,1400,1237,0,4
1428,1303,260,0,4
1429,1303,260,0,4
1430,1340,862,0,4
1431,1303,260,0,4
1433,1340,862,0,4
1434,1303,260,0,4
1434,1443,277,0,4
1437,1303,277,0,4
1438,1303,277,0,4
1439,1340,862,0,4
1441,1303,242,0,4
1443,1434,259,0,4
1447,1303,337,0,4
1449,1400,178,0,4
1450,1400,178,0,4
1451,1400,178,0,4
1455,1340,826,0,4
1458,1303,320,0,4
1459,1308,372,0,4
