1,1369,19,2,0
2,1418,1289,3,3
2,1421,1,0,1
3,1421,2,0,1
4,1421,3,0,1
5,1421,4,0,1
10,1421,11,1,0
12,1418,13,1,0
16,1369,34,2,0
17,1418,1286,3,3
19,1369,37,3,0
20,1418,2,0,2
28,1421,29,2,1
30,1418,31,2,1
32,1369,50,3,0
37,1369,55,3,0
38,1418,20,0,3
46,1421,47,2,1
49,1369,67,3,0
55,1369,73,3,0
56,1418,38,0,3
58,1421,57,1,2
64,1421,65,2,1
72,1369,73,1,1
73,1369,1369,4,0
82,1421,83,2,1
83,1369,84,2,1
84,1369,85,2,1
85,1369,86,2,1
86,1369,87,2,1
88,1369,89,2,1
89,1369,72,2,3
100,1421,101,2,1
104,1418,86,0,3
120,1418,102,0,3
129,1421,128,1,2
133,1421,132,1,2
138,1418,120,0,3
156,1418,138,0,3
172,1421,154,0,3
174,1418,175,2,1
182,1421,181,1,2
184,1421,183,1,2
190,1421,172,0,3
192,1418,193,2,1
200,1421,199,1,2
201,1310,183,0,3
201,1421,200,1,2
210,1418,211,2,1
212,1382,213,2,1
218,1421,217,1,2
228,1418,229,2,1
230,1382,248,3,0
231,1382,213,0,3
232,1382,214,0,3
246,1418,247,2,1
248,1382,247,1,2
249,1382,248,1,2
250,1382,232,0,3
254,1382,236,0,3
255,1382,237,0,3
262,1421,263,2,1
264,1418,265,2,1
268,1382,250,0,3
269,1382,251,0,3
271,1382,253,0,3
272,1382,254,0,3
273,1382,255,0,3
280,1421,281,2,1
282,1418,283,2,1
286,1382,268,0,3
287,1382,269,0,3
288,1382,270,0,2
289,1382,271,0,3
290,1382,272,0,3
298,1421,299,2,1
300,1418,301,2,1
302,1382,301,1,2
304,1382,286,0,3
305,1382,287,0,3
306,1382,288,0,2
306,1418,288,0,2
307,1382,289,0,3
307,1418,289,0,3
308,1418,290,0,3
316,1421,317,2,1
318,1418,300,0,3
319,1418,301,0,3
320,1382,319,1,2
320,1418,302,0,3
321,1418,303,0,3
322,1382,304,0,3
322,1418,304,0,3
323,1382,305,0,3
323,1418,305,0,3
334,1421,335,2,1
338,1382,337,1,2
341,1382,323,0,3
346,1382,328,0,3
347,1421,346,1,2
352,1421,353,2,1
356,1382,355,1,2
362,1421,361,1,2
363,1382,345,0,3
363,1421,381,3,0
364,1421,382,3,0
365,1421,383,3,0
366,1421,384,3,0
374,1382,373,1,2
376,1382,375,1,2
381,1382,363,0,3
392,1382,391,1,2
393,1382,392,1,2
398,1382,380,0,3
416,1382,398,0,3
434,1382,416,0,3
451,1382,433,0,3
469,1382,451,0,3
471,1382,453,0,3
486,1382,468,0,2
489,1382,471,0,3
504,1382,486,0,2
506,1382,488,0,3
518,1438,536,3,0
522,1382,504,0,2
523,1382,505,0,3
539,1382,521,0,3
540,1382,522,0,2
557,1382,539,0,3
574,1382,573,1,2
575,1382,557,0,3
627,1382,626,1,2
634,1382,616,0,3
662,1382,661,1,2
666,1382,684,2,0
667,1382,685,3,0
668,1382,686,3,0
669,1382,687,3,0
891,1298,909,3,0
892,1298,910,3,0
902,1298,903,2,1
909,1298,910,2,1
910,1298,1298,4,0
920,1298,921,2,1
939,1298,940,2,1
958,1298,959,2,1
977,1298,978,2,1
1014,1298,996,0,3
1017,1418,1035,3,0
1018,1418,1036,3,0
1033,1298,1015,0,3
1034,1418,1052,3,0
1052,1298,1034,0,3
1053,1418,1071,3,0
1071,1298,1053,0,3
1090,1298,1072,0,3
1106,1418,1124,3,0
1108,1298,1090,0,3
1177,1418,1195,3,0
1200,1388,1218,3,0
1230,1418,1248,3,0
1235,1418,1253,3,0
1248,1418,1266,3,0
1249,1418,1267,3,0
1250,1418,1268,3,0
1251,1418,1269,3,0
1253,1418,1271,3,0
1263,1418,1264,2,1
1266,1418,1267,2,1
1267,1418,1268,2,1
1268,1418,1269,2,1
1269,1418,1270,2,1
1271,1418,1418,4,0
1274,1459,1292,3,0
1281,1418,1282,2,1
1284,1369,15,3,3
1285,1369,16,3,3
1289,1418,1271,0,3
1289,1421,1271,0,3
1290,1421,1272,0,3
1291,1421,1273,0,3
1292,1421,1274,0,3
1293,1421,1275,0,3
1298,1363,910,0,4
1298,1383,910,0,4
1298,1384,910,0,4
1298,1448,910,0,4
1300,1421,1255,0,4
1325,1359,1186,0,4
1341,1354,876,0,4
1342,1421,1272,0,4
1347,1421,1255,0,4
1348,1421,1255,0,4
1354,1341,876,0,4
1358,1421,1272,0,4
1359,1325,1186,0,4
1360,1421,1272,0,4
1363,1298,921,0,4
1367,1418,1281,0,4
1369,1342,73,0,4
1369,1358,73,0,4
1369,1360,73,0,4
1369,1421,73,0,4
1369,1423,73,0,4
1369,1455,73,0,4
1369,1456,73,0,4
1371,1421,56,0,4
1382,1306,161,0,4
1382,1307,161,0,4
1382,1308,161,0,4
1382,1374,161,0,4
1382,1413,161,0,4
1382,1416,247,0,4
1382,1447,247,0,4
1382,1458,247,0,4
1384,1418,1281,0,4
1392,1421,73,0,4
1393,1421,73,0,4
1407,1421,1025,0,4
1414,1418,36,0,4
1415,1418,36,0,4
1418,1303,1271,0,4
1418,1304,1271,0,4
1418,1367,1271,0,4
1418,1384,1271,0,4
1418,1414,1271,0,4
1418,1415,1271,0,4
1418,1423,1271,0,4
1418,1448,1271,0,4
1421,1300,1254,0,4
1421,1316,1254,0,4
1421,1321,1254,0,4
1421,1342,1254,0,4
1421,1347,1254,0,4
1421,1348,1254,0,4
1421,1358,1254,0,4
1421,1360,1254,0,4
1421,1361,1,0,4
1421,1369,1,0,4
1421,1370,1,0,4
1421,1371,1,0,4
1421,1372,1,0,4
1421,1381,1254,0,4
1421,1382,1,0,4
1421,1392,1,0,4
1421,1393,1,0,4
1421,1396,1254,0,4
1421,1403,1254,0,4
1421,1404,1,0,4
1421,1405,1,0,4
1421,1407,773,0,4
1421,1412,1,0,4
1421,1444,1,0,4
1421,1445,1254,0,4
1421,1449,1,0,4
1421,1450,1,0,4
1421,1451,1,0,4
1421,1452,1,0,4
1421,1453,1,0,4
1421,1454,1,0,4
1423,1418,1271,0,4
1444,1421,91,0,4
1447,1382,337,0,4
1449,1421,56,0,4
1458,1382,337,0,4
