0,1460,1287,3,3
1,1460,1288,3,3
2,1460,1289,3,3
3,1460,1290,3,3
4,1460,1291,3,3
5,1460,1292,3,3
6,1460,1293,3,3
7,1460,1294,3,3
8,1460,1295,3,3
9,1460,8,0,1
10,1460,9,0,1
11,1460,1280,3,3
12,1460,13,1,0
13,1460,14,1,0
14,1460,1283,3,3
15,1460,1284,3,3
16,1460,1285,3,3
17,1460,1286,3,3
18,1460,0,0,1
19,1460,1,0,2
20,1460,2,0,2
21,1460,3,0,2
22,1460,4,0,2
23,1460,5,0,2
24,1460,6,0,2
25,1460,7,0,2
26,1460,25,1,2
27,1460,26,1,2
28,1460,10,0,2
29,1460,11,0,2
30,1460,31,2,1
31,1460,13,0,2
32,1460,14,0,2
33,1460,15,0,2
34,1460,16,0,2
35,1460,17,0,2
36,1460,18,0,2
37,1460,19,0,3
38,1460,20,0,3
39,1460,21,0,3
40,1460,22,0,3
41,1460,23,0,3
42,1460,24,0,3
43,1460,25,0,3
44,1460,43,1,2
45,1460,27,0,3
46,1460,28,0,3
47,1460,29,0,3
48,1460,30,0,3
49,1460,31,0,3
50,1460,32,0,3
51,1460,33,0,3
52,1460,34,0,3
53,1460,35,0,3
54,1460,36,0,2
55,1460,37,0,3
56,1460,38,0,3
57,1460,39,0,3
58,1460,40,0,3
59,1460,41,0,3
60,1460,42,0,3
61,1460,60,1,2
62,1460,61,1,2
63,1460,45,0,3
64,1460,46,0,3
65,1460,47,0,3
66,1460,48,0,3
67,1460,49,0,3
68,1460,50,0,3
69,1460,51,0,3
70,1460,52,0,3
71,1460,53,0,3
72,1460,54,0,2
73,1460,55,0,3
74,1460,56,0,3
75,1460,57,0,3
76,1460,58,0,3
77,1460,59,0,3
78,1460,60,0,3
79,1460,78,1,2
80,1460,62,0,3
81,1460,63,0,3
82,1460,64,0,3
83,1460,65,0,3
84,1460,102,3,0
85,1460,67,0,3
86,1460,68,0,3
87,1460,69,0,3
88,1460,70,0,3
89,1460,71,0,3
90,1460,72,0,2
91,1460,73,0,3
92,1460,74,0,3
93,1460,75,0,3
94,1460,76,0,3
95,1460,77,0,3
96,1460,95,1,2
97,1460,79,0,3
98,1460,80,0,3
99,1460,81,0,3
100,1460,82,0,3
101,1460,119,3,0
102,1460,120,3,0
103,1460,121,3,0
104,1460,86,0,3
105,1460,87,0,3
106,1460,88,0,3
107,1460,89,0,3
108,1460,90,0,2
109,1460,91,0,3
110,1460,92,0,3
111,1460,93,0,3
112,1460,94,0,3
113,1460,95,0,3
114,1460,96,0,3
115,1460,97,0,3
116,1460,98,0,3
117,1460,99,0,3
118,1460,136,3,0
119,1460,137,3,0
120,1460,138,3,0
121,1460,139,3,0
122,1460,140,3,0
123,1460,105,0,3
124,1460,106,0,3
125,1460,107,0,3
126,1385,108,0,2
126,1460,108,0,2
127,1385,109,0,3
127,1460,109,0,3
128,1385,110,0,3
128,1460,110,0,3
129,1460,111,0,3
130,1460,112,0,3
131,1460,130,1,2
132,1385,133,2,1
132,1460,114,0,3
133,1460,115,0,3
134,1460,116,0,3
135,1460,117,0,3
136,1460,154,3,0
137,1460,155,3,0
138,1460,156,3,0
139,1460,157,3,0
140,1460,158,3,0
141,1460,123,0,3
142,1385,141,1,2
142,1460,124,0,3
143,1460,125,0,3
144,1385,126,0,2
144,1460,126,0,2
145,1385,127,0,3
145,1460,127,0,3
146,1460,128,0,3
147,1460,129,0,3
148,1460,130,0,3
149,1460,131,0,3
150,1385,151,2,1
150,1460,132,0,3
151,1385,133,0,3
151,1460,133,0,3
152,1385,134,0,3
152,1460,134,0,3
153,1460,171,3,0
154,1460,172,3,0
155,1460,173,3,0
156,1460,174,3,0
157,1460,175,3,0
158,1460,176,3,0
159,1460,177,3,0
160,1385,159,1,2
160,1460,142,0,3
161,1460,143,0,3
162,1460,144,0,2
163,1385,145,0,3
163,1460,145,0,3
164,1460,146,0,3
165,1460,147,0,3
166,1460,148,0,3
167,1460,149,0,3
168,1385,169,2,1
168,1460,150,0,3
169,1460,151,0,3
170,1460,188,3,0
171,1460,189,3,0
172,1460,190,3,0
173,1460,191,3,0
174,1460,192,3,0
175,1460,193,3,0
176,1460,194,3,0
177,1460,195,3,0
178,1385,160,0,3
178,1460,196,3,0
179,1460,161,0,3
180,1460,162,0,2
181,1460,163,0,3
182,1460,164,0,3
183,1460,165,0,3
184,1460,166,0,3
185,1460,167,0,3
186,1385,187,2,1
186,1460,168,0,3
187,1460,205,3,0
188,1460,206,3,0
189,1460,207,3,0
190,1460,208,3,0
191,1460,209,3,0
192,1460,210,3,0
193,1460,211,3,0
194,1460,212,3,0
195,1460,213,3,0
196,1460,214,3,0
197,1460,215,3,0
198,1460,216,2,0
199,1460,181,0,3
200,1460,182,0,3
201,1460,183,0,3
202,1460,184,0,3
203,1460,185,0,3
204,1385,205,2,1
204,1460,222,3,0
205,1460,223,3,0
206,1385,188,0,3
206,1460,224,3,0
207,1460,225,3,0
208,1460,226,3,0
209,1376,208,1,2
209,1460,227,3,0
210,1460,228,3,0
211,1460,229,3,0
212,1460,230,3,0
213,1460,231,3,0
214,1460,232,3,0
215,1460,233,3,0
216,1460,234,2,0
217,1460,199,0,3
218,1460,200,0,3
219,1460,201,0,3
220,1460,202,0,3
221,1460,203,0,3
222,1460,240,3,0
223,1460,241,3,0
224,1385,206,0,3
224,1460,242,3,0
225,1385,207,0,3
225,1460,243,3,0
226,1460,244,3,0
227,1460,245,3,0
228,1460,246,3,0
229,1385,211,0,3
229,1460,247,3,0
230,1460,248,3,0
231,1460,249,3,0
232,1460,250,3,0
233,1460,251,3,0
234,1460,252,2,0
235,1460,253,3,0
236,1460,218,0,3
237,1460,219,0,3
238,1460,220,0,3
239,1460,257,3,0
240,1460,258,3,0
241,1460,259,3,0
242,1385,224,0,3
242,1460,260,3,0
243,1385,225,0,3
243,1460,244,2,1
244,1460,262,3,0
245,1460,263,3,0
246,1385,228,0,3
246,1460,264,3,0
247,1385,229,0,3
247,1460,265,3,0
248,1460,266,3,0
249,1460,267,3,0
250,1460,268,3,0
251,1460,269,3,0
252,1460,270,2,0
253,1460,271,3,0
254,1460,272,3,0
255,1460,237,0,3
256,1460,274,3,0
257,1460,275,3,0
258,1460,276,3,0
259,1385,241,0,3
259,1460,277,3,0
260,1385,242,0,3
260,1460,278,3,0
261,1385,243,0,3
261,1460,262,2,1
262,1385,244,0,3
262,1460,280,3,0
263,1385,245,0,3
263,1460,281,3,0
264,1460,282,3,0
265,1460,283,3,0
266,1460,284,3,0
267,1460,285,3,0
268,1385,267,1,2
268,1460,286,3,0
269,1460,287,3,0
270,1460,288,2,0
271,1460,289,3,0
272,1460,290,3,0
273,1460,291,3,0
274,1460,292,3,0
275,1460,293,3,0
276,1460,294,3,0
277,1385,259,0,3
277,1460,295,3,0
278,1385,260,0,3
278,1460,279,2,1
279,1385,261,0,3
279,1460,297,3,0
280,1385,262,0,3
280,1460,298,3,0
281,1385,263,0,3
281,1460,299,3,0
282,1460,300,3,0
283,1460,301,3,0
284,1460,302,3,0
285,1460,303,3,0
286,1385,285,1,2
286,1460,304,3,0
287,1460,305,3,0
288,1460,306,2,0
289,1460,307,3,0
290,1460,308,3,0
291,1460,309,3,0
292,1460,310,3,0
293,1460,311,3,0
294,1460,312,3,0
295,1385,277,0,3
295,1460,296,2,1
296,1385,278,0,3
296,1460,297,2,1
297,1385,279,0,3
297,1460,315,3,0
298,1385,280,0,3
298,1460,316,3,0
299,1460,317,3,0
300,1460,318,3,0
301,1460,319,3,0
302,1460,320,3,0
303,1460,321,3,0
304,1385,303,1,2
304,1460,322,3,0
305,1460,323,3,0
306,1460,324,2,0
307,1460,325,3,0
308,1460,326,3,0
309,1460,308,1,2
310,1460,328,3,0
311,1460,329,3,0
312,1460,313,2,1
313,1385,295,0,3
313,1460,314,2,1
314,1385,296,0,3
314,1460,332,3,0
315,1385,297,0,3
315,1460,333,3,0
316,1460,334,3,0
317,1460,335,3,0
318,1460,336,3,0
319,1460,337,3,0
320,1460,338,3,0
321,1385,320,1,2
321,1460,339,3,0
322,1385,321,1,2
322,1460,340,3,0
323,1460,341,3,0
324,1460,342,2,0
325,1460,343,3,0
326,1460,344,3,0
327,1460,326,1,2
328,1460,346,3,0
329,1460,347,3,0
330,1460,331,2,1
331,1385,313,0,3
331,1460,332,2,1
332,1460,350,3,0
333,1460,351,3,0
334,1460,352,3,0
335,1460,353,3,0
336,1460,354,3,0
337,1460,355,3,0
338,1460,356,3,0
339,1385,338,1,2
339,1460,357,3,0
340,1385,339,1,2
340,1460,358,3,0
341,1460,359,3,0
342,1460,360,2,0
343,1460,361,3,0
344,1460,343,1,2
345,1460,344,1,2
346,1460,364,3,0
347,1460,348,2,1
348,1460,349,2,1
349,1460,367,3,0
350,1460,368,3,0
351,1460,369,3,0
352,1460,370,3,0
353,1460,371,3,0
354,1460,372,3,0
355,1385,337,0,3
355,1460,373,3,0
356,1460,374,3,0
357,1385,356,1,2
357,1460,375,3,0
358,1385,357,1,2
358,1460,376,3,0
359,1460,377,3,0
360,1460,378,2,0
361,1460,379,3,0
362,1460,361,1,2
363,1460,362,1,2
364,1460,365,2,1
365,1460,366,2,1
366,1460,367,2,1
367,1460,385,3,0
368,1460,386,3,0
369,1460,387,3,0
370,1460,388,3,0
371,1460,389,3,0
372,1460,390,3,0
373,1385,355,0,3
373,1460,391,3,0
374,1460,392,3,0
375,1385,374,1,2
375,1460,393,3,0
376,1385,375,1,2
376,1460,394,3,0
377,1460,395,3,0
378,1460,396,2,0
379,1460,378,1,1
380,1460,379,1,2
381,1460,399,3,0
382,1460,383,2,1
383,1460,384,2,1
384,1460,402,3,0
385,1460,403,3,0
386,1460,404,3,0
387,1460,405,3,0
388,1460,406,3,0
389,1460,407,3,0
390,1385,372,0,3
390,1460,408,3,0
391,1460,409,3,0
392,1460,410,3,0
393,1385,392,1,2
393,1460,411,3,0
394,1385,376,0,3
394,1460,412,3,0
395,1460,413,3,0
396,1460,413,3,2
397,1460,396,1,1
398,1460,397,1,2
399,1460,417,3,0
400,1460,401,2,1
401,1460,402,2,1
402,1460,420,3,0
403,1460,421,3,0
404,1460,422,3,0
405,1460,423,3,0
406,1460,424,3,0
407,1460,425,3,0
408,1385,390,0,3
408,1460,426,3,0
409,1460,427,3,0
410,1460,428,3,0
411,1385,393,0,3
411,1460,429,3,0
412,1385,394,0,3
412,1460,430,3,0
413,1460,431,3,0
414,1460,431,3,2
415,1460,414,1,1
416,1460,434,3,0
417,1460,435,3,0
418,1460,419,2,1
419,1460,437,3,0
420,1460,438,3,0
421,1460,439,3,0
422,1460,440,3,0
423,1460,441,3,0
424,1460,442,3,0
425,1385,407,0,3
425,1460,443,3,0
426,1460,444,3,0
427,1460,445,3,0
428,1385,410,0,3
428,1460,446,3,0
429,1385,411,0,3
429,1460,447,3,0
430,1385,412,0,3
430,1460,448,3,0
431,1460,449,3,0
432,1460,449,3,2
433,1460,451,3,0
434,1460,452,3,0
435,1460,453,3,0
436,1460,437,2,1
437,1460,455,3,0
438,1460,456,3,0
439,1460,457,3,0
440,1460,458,3,0
441,1460,459,3,0
442,1460,460,3,0
443,1385,425,0,3
443,1460,461,3,0
444,1460,462,3,0
445,1460,463,3,0
446,1385,428,0,3
446,1460,464,3,0
447,1385,429,0,3
447,1460,465,3,0
448,1385,430,0,3
448,1460,466,3,0
449,1460,448,1,2
450,1460,467,3,2
451,1460,469,3,0
452,1460,470,3,0
453,1460,471,3,0
454,1460,472,3,0
455,1460,473,3,0
456,1460,474,3,0
457,1460,475,3,0
458,1460,476,3,0
459,1460,477,3,0
460,1460,478,3,0
461,1460,479,3,0
462,1460,480,3,0
463,1385,445,0,3
463,1460,481,3,0
464,1460,482,3,0
465,1385,447,0,3
465,1460,483,3,0
466,1460,465,1,2
467,1460,466,1,2
468,1385,486,2,0
468,1460,486,2,0
469,1460,487,3,0
470,1460,488,3,0
471,1460,489,3,0
472,1460,490,3,0
473,1460,491,3,0
474,1460,492,3,0
475,1460,493,3,0
476,1460,494,3,0
477,1460,495,3,0
478,1385,460,0,3
478,1460,479,2,1
479,1460,497,3,0
480,1385,462,0,3
480,1460,498,3,0
481,1460,499,3,0
482,1460,500,3,0
483,1460,501,3,0
484,1385,502,3,0
484,1460,483,1,2
485,1385,503,3,0
485,1460,484,1,2
486,1385,504,2,0
486,1460,504,2,0
487,1385,505,3,0
487,1460,505,3,0
488,1460,506,3,0
489,1460,507,3,0
490,1460,508,3,0
491,1460,509,3,0
492,1460,510,3,0
493,1460,511,3,0
494,1460,512,3,0
495,1460,496,2,1
496,1385,478,0,3
496,1460,497,2,1
497,1385,479,0,3
497,1460,515,3,0
498,1460,516,3,0
499,1460,517,3,0
500,1460,518,3,0
501,1385,519,3,0
501,1460,500,1,2
502,1385,520,3,0
502,1460,501,1,2
503,1385,521,3,0
503,1460,521,3,0
504,1460,522,2,0
505,1385,523,3,0
505,1460,523,3,0
506,1460,524,3,0
507,1460,525,3,0
508,1460,526,3,0
509,1460,527,3,0
510,1460,528,3,0
511,1460,529,3,0
512,1460,530,3,0
513,1385,495,0,3
513,1460,514,2,1
514,1460,532,3,0
515,1385,497,0,3
515,1460,533,3,0
516,1460,534,3,0
517,1460,535,3,0
518,1460,536,3,0
519,1460,518,1,2
520,1460,538,3,0
521,1460,539,3,0
522,1460,540,2,0
523,1460,541,3,0
524,1385,542,3,0
524,1460,542,3,0
525,1460,543,3,0
526,1460,544,3,0
527,1460,545,3,0
528,1460,546,3,0
529,1460,530,2,1
530,1460,531,2,1
531,1385,513,0,3
531,1460,532,2,1
532,1385,514,0,3
532,1460,550,3,0
533,1460,551,3,0
534,1460,552,3,0
535,1460,553,3,0
536,1460,535,1,2
537,1460,536,1,2
538,1460,556,3,0
539,1460,557,3,0
540,1460,558,2,0
541,1460,559,3,0
542,1460,560,3,0
543,1385,561,3,0
543,1460,561,3,0
544,1460,562,3,0
545,1460,563,3,0
546,1460,564,3,0
547,1460,548,2,1
548,1385,530,0,3
548,1460,549,2,1
549,1385,531,0,3
549,1460,567,3,0
550,1460,568,3,0
551,1460,569,3,0
552,1460,570,3,0
553,1460,552,1,2
554,1460,553,1,2
555,1460,573,3,0
556,1460,574,3,0
557,1460,575,3,0
558,1460,576,2,0
559,1460,577,3,0
560,1460,578,3,0
561,1460,579,3,0
562,1385,580,3,0
562,1460,580,3,0
563,1460,581,3,0
564,1460,565,2,1
565,1460,566,2,1
566,1385,548,0,3
566,1460,567,2,1
567,1460,585,3,0
568,1460,586,3,0
569,1460,587,3,0
570,1460,588,3,0
571,1460,570,1,2
572,1460,590,3,0
573,1460,591,3,0
574,1460,592,3,0
575,1460,593,3,0
576,1460,594,2,0
577,1460,595,3,0
578,1460,596,3,0
579,1460,578,1,2
580,1385,598,3,0
580,1460,598,3,0
581,1385,599,3,0
581,1460,582,2,1
582,1460,583,2,1
583,1460,584,2,1
584,1460,585,2,1
585,1460,603,3,0
586,1460,604,3,0
587,1460,605,3,0
588,1460,606,3,0
589,1460,607,3,0
590,1460,608,3,0
591,1460,609,3,0
592,1460,610,3,0
593,1460,611,3,0
594,1460,612,2,0
595,1460,613,3,0
596,1460,595,1,2
597,1460,596,1,2
598,1460,599,2,1
599,1385,617,3,0
599,1460,600,2,1
600,1460,601,2,1
601,1460,602,2,1
602,1460,620,3,0
603,1460,621,3,0
604,1460,622,3,0
605,1460,623,3,0
606,1460,624,3,0
607,1460,625,3,0
608,1460,626,3,0
609,1460,627,3,0
610,1460,628,3,0
611,1460,629,3,0
612,1460,630,2,0
613,1460,631,3,0
614,1460,613,1,2
615,1460,614,1,2
616,1460,617,2,1
617,1460,618,2,1
618,1385,636,3,0
618,1460,619,2,1
619,1460,620,2,1
620,1460,638,3,0
621,1460,639,3,0
622,1460,640,3,0
623,1460,641,3,0
624,1460,642,3,0
625,1460,643,3,0
626,1460,644,3,0
627,1460,645,3,0
628,1460,646,3,0
629,1460,647,3,0
630,1460,648,2,0
631,1460,630,1,1
632,1460,631,1,2
633,1460,632,1,2
634,1460,635,2,1
635,1460,636,2,1
636,1460,637,2,1
637,1460,655,3,0
638,1460,656,3,0
639,1460,657,3,0
640,1460,658,3,0
641,1460,659,3,0
642,1460,660,3,0
643,1460,661,3,0
644,1460,662,3,0
645,1460,663,3,0
646,1460,664,3,0
647,1460,665,3,0
648,1460,666,2,0
649,1460,648,1,1
650,1460,649,1,2
651,1460,650,1,2
652,1460,653,2,1
653,1460,654,2,1
654,1460,655,2,1
655,1460,673,3,0
656,1460,674,3,0
657,1460,675,3,0
658,1460,676,3,0
659,1460,677,3,0
660,1460,678,3,0
661,1460,679,3,0
662,1460,680,3,0
663,1460,681,3,0
664,1460,682,3,0
665,1460,683,3,0
666,1460,683,3,2
667,1460,666,1,1
668,1460,667,1,2
669,1460,668,1,2
670,1460,671,2,1
671,1460,672,2,1
672,1460,690,3,0
673,1460,691,3,0
674,1460,692,3,0
675,1460,693,3,0
676,1460,694,3,0
677,1460,695,3,0
678,1460,696,3,0
679,1460,697,3,0
680,1460,698,3,0
681,1460,699,3,0
682,1460,700,3,0
683,1460,701,3,0
684,1460,701,3,2
685,1460,684,1,1
686,1460,685,1,2
687,1460,686,1,2
688,1460,689,2,1
689,1460,690,2,1
690,1460,708,3,0
691,1460,709,3,0
692,1460,710,3,0
693,1460,711,3,0
694,1460,712,3,0
695,1460,713,3,0
696,1460,714,3,0
697,1460,715,3,0
698,1460,716,3,0
699,1460,717,3,0
700,1460,718,3,0
701,1460,700,1,2
702,1460,719,3,2
703,1460,702,1,1
704,1460,703,1,2
705,1460,704,1,2
706,1460,707,2,1
707,1460,708,2,1
708,1460,726,3,0
709,1460,727,3,0
710,1460,728,3,0
711,1460,729,3,0
712,1460,730,3,0
713,1460,714,2,1
714,1460,732,3,0
715,1460,733,3,0
716,1460,734,3,0
717,1460,735,3,0
718,1460,736,3,0
719,1460,718,1,2
720,1460,737,3,2
721,1460,720,1,1
722,1460,721,1,2
723,1460,724,2,1
724,1460,725,2,1
725,1460,743,3,0
726,1460,744,3,0
727,1460,745,3,0
728,1460,746,3,0
729,1460,747,3,0
730,1460,731,2,1
731,1460,732,2,1
732,1460,750,3,0
733,1460,751,3,0
734,1460,752,3,0
735,1460,753,3,0
736,1460,735,1,2
737,1460,736,1,2
738,1460,755,3,2
739,1460,738,1,1
740,1460,739,1,2
741,1460,742,2,1
742,1460,743,2,1
743,1460,761,3,0
744,1460,762,3,0
745,1460,763,3,0
746,1460,747,2,1
747,1460,748,2,1
748,1460,749,2,1
749,1460,750,2,1
750,1460,768,3,0
751,1460,769,3,0
752,1460,770,3,0
753,1460,752,1,2
754,1460,753,1,2
755,1460,754,1,2
756,1460,773,3,2
757,1460,756,1,1
758,1460,757,1,2
759,1460,760,2,1
760,1460,778,3,0
761,1460,779,3,0
762,1460,780,3,0
763,1460,764,2,1
764,1460,765,2,1
765,1460,766,2,1
766,1460,767,2,1
767,1460,768,2,1
768,1460,786,3,0
769,1460,787,3,0
770,1460,788,3,0
771,1460,770,1,2
772,1460,771,1,2
773,1460,772,1,2
774,1460,791,3,2
775,1460,774,1,1
776,1460,775,1,2
777,1460,778,2,1
778,1460,796,3,0
779,1460,797,3,0
780,1460,781,2,1
781,1460,782,2,1
782,1460,783,2,1
783,1460,784,2,1
784,1460,785,2,1
785,1460,786,2,1
786,1460,804,3,0
787,1460,805,3,0
788,1460,787,1,2
789,1460,788,1,2
790,1460,789,1,2
791,1460,790,1,2
792,1460,809,3,2
793,1460,792,1,1
794,1460,793,1,2
795,1460,796,2,1
796,1460,797,2,1
797,1460,798,2,1
798,1460,799,2,1
799,1460,800,2,1
800,1460,801,2,1
801,1460,802,2,1
802,1460,803,2,1
803,1460,804,2,1
804,1460,822,3,0
805,1460,823,3,0
806,1460,805,1,2
807,1460,806,1,2
808,1460,807,1,2
809,1460,808,1,2
810,1460,827,3,2
811,1460,810,1,1
812,1460,811,1,2
813,1460,814,2,1
814,1460,815,2,1
815,1460,816,2,1
816,1460,817,2,1
817,1460,818,2,1
818,1460,819,2,1
819,1460,820,2,1
820,1460,821,2,1
821,1460,822,2,1
822,1460,1460,4,0
823,1460,822,1,2
824,1460,823,1,2
825,1460,824,1,2
826,1460,825,1,2
827,1460,826,1,2
828,1460,845,3,2
829,1460,828,1,1
830,1460,829,1,2
831,1460,813,0,3
832,1460,833,2,1
833,1460,834,2,1
834,1460,835,2,1
835,1460,836,2,1
836,1460,837,2,1
837,1460,838,2,1
838,1460,839,2,1
839,1460,840,2,1
840,1460,822,0,3
841,1460,840,1,2
842,1460,841,1,2
843,1460,842,1,2
844,1460,843,1,2
845,1460,844,1,2
846,1460,863,3,2
847,1460,846,1,1
848,1460,830,0,3
849,1460,848,1,2
850,1460,851,2,1
851,1460,852,2,1
852,1460,853,2,1
853,1460,854,2,1
854,1460,855,2,1
855,1460,856,2,1
856,1460,857,2,1
857,1460,839,0,3
858,1460,840,0,3
859,1460,858,1,2
860,1460,859,1,2
861,1460,860,1,2
862,1460,861,1,2
863,1460,862,1,2
864,1460,881,3,2
865,1460,847,0,3
866,1460,848,0,3
867,1460,866,1,2
868,1460,869,2,1
869,1460,870,2,1
870,1460,871,2,1
871,1460,872,2,1
872,1460,873,2,1
873,1460,874,2,1
874,1460,875,2,1
875,1460,857,0,3
876,1460,858,0,3
877,1460,876,1,2
878,1460,877,1,2
879,1460,878,1,2
880,1460,879,1,2
881,1460,880,1,2
882,1460,864,0,2
883,1460,865,0,3
884,1460,883,1,2
885,1460,884,1,2
886,1460,887,2,1
887,1460,888,2,1
888,1460,889,2,1
889,1460,890,2,1
890,1460,891,2,1
891,1460,892,2,1
892,1460,874,0,3
893,1460,875,0,3
894,1460,876,0,3
895,1460,894,1,2
896,1460,895,1,2
897,1460,896,1,2
898,1460,897,1,2
899,1460,898,1,2
900,1460,882,0,2
901,1460,883,0,3
902,1460,901,1,2
903,1460,902,1,2
904,1460,905,2,1
905,1460,906,2,1
906,1460,907,2,1
907,1460,908,2,1
908,1460,909,2,1
909,1460,891,0,3
910,1460,892,0,3
911,1460,893,0,3
912,1460,894,0,3
913,1460,912,1,2
914,1460,913,1,2
915,1460,914,1,2
916,1460,898,0,3
917,1460,899,0,3
918,1460,900,0,2
919,1460,901,0,3
920,1460,919,1,2
921,1460,920,1,2
922,1460,923,2,1
923,1460,924,2,1
924,1460,925,2,1
925,1460,926,2,1
926,1460,927,2,1
927,1460,909,0,3
928,1460,910,0,3
929,1460,911,0,3
930,1460,912,0,3
931,1460,930,1,2
932,1460,931,1,2
933,1460,915,0,3
934,1460,916,0,3
935,1460,917,0,3
936,1460,918,0,2
937,1460,936,1,1
938,1460,937,1,2
939,1460,940,2,1
940,1460,941,2,1
941,1460,942,2,1
942,1460,943,2,1
943,1460,944,2,1
944,1460,926,0,3
945,1460,927,0,3
946,1460,928,0,3
947,1460,929,0,3
948,1460,930,0,3
949,1460,948,1,2
950,1460,932,0,3
951,1460,933,0,3
952,1460,934,0,3
953,1460,935,0,3
954,1460,936,0,2
955,1460,954,1,1
956,1460,955,1,2
957,1460,958,2,1
958,1422,957,1,2
958,1460,959,2,1
959,1460,960,2,1
960,1460,961,2,1
961,1460,962,2,1
962,1460,944,0,3
963,1460,945,0,3
964,1460,946,0,3
965,1460,947,0,3
966,1460,948,0,3
967,1460,949,0,3
968,1460,950,0,3
969,1460,951,0,3
970,1460,952,0,3
971,1460,953,0,3
972,1460,989,3,2
973,1460,972,1,1
974,1460,973,1,2
975,1460,976,2,1
976,1460,977,2,1
977,1460,978,2,1
978,1460,979,2,1
979,1460,961,0,3
980,1460,962,0,3
981,1460,963,0,3
982,1460,964,0,3
983,1460,965,0,3
984,1460,966,0,3
985,1460,967,0,3
986,1460,968,0,3
987,1460,969,0,3
988,1460,970,0,3
989,1460,971,0,3
990,1460,1007,3,2
991,1460,990,1,1
992,1460,991,1,2
993,1460,994,2,1
994,1460,995,2,1
995,1460,996,2,1
996,1460,978,0,3
997,1460,979,0,3
998,1460,980,0,3
999,1460,981,0,3
1000,1460,982,0,3
1001,1460,983,0,3
1002,1460,984,0,3
1003,1460,985,0,3
1004,1460,986,0,3
1005,1460,987,0,3
1006,1460,988,0,3
1007,1460,989,0,3
1008,1460,1025,3,2
1009,1460,1008,1,1
1010,1460,1009,1,2
1011,1460,1012,2,1
1012,1460,1013,2,1
1013,1460,1014,2,1
1014,1460,996,0,3
1015,1460,997,0,3
1016,1460,998,0,3
1017,1460,999,0,3
1018,1460,1000,0,3
1019,1460,1001,0,3
1020,1460,1002,0,3
1021,1460,1003,0,3
1022,1460,1004,0,3
1023,1460,1005,0,3
1024,1460,1006,0,3
1025,1460,1007,0,3
1026,1460,1043,3,2
1027,1460,1026,1,1
1028,1460,1027,1,2
1029,1460,1030,2,1
1030,1460,1031,2,1
1031,1460,1013,0,3
1032,1460,1014,0,3
1033,1460,1015,0,3
1034,1460,1016,0,3
1035,1460,1017,0,3
1036,1460,1018,0,3
1037,1460,1019,0,3
1038,1460,1020,0,3
1039,1460,1021,0,3
1040,1460,1022,0,3
1041,1460,1023,0,3
1042,1460,1024,0,3
1043,1460,1042,1,2
1044,1460,1061,3,2
1045,1460,1044,1,1
1046,1460,1028,0,3
1047,1460,1048,2,1
1048,1460,1030,0,3
1049,1460,1031,0,3
1050,1460,1032,0,3
1051,1460,1033,0,3
1052,1460,1034,0,3
1053,1460,1035,0,3
1054,1460,1036,0,3
1055,1460,1037,0,3
1056,1460,1038,0,3
1057,1460,1039,0,3
1058,1460,1040,0,3
1059,1460,1041,0,3
1060,1460,1042,0,3
1061,1460,1060,1,2
1062,1460,1079,3,2
1063,1460,1062,1,1
1064,1460,1046,0,3
1065,1460,1066,2,1
1066,1460,1048,0,3
1067,1460,1049,0,3
1068,1460,1050,0,3
1069,1460,1051,0,3
1070,1460,1052,0,3
1071,1460,1053,0,3
1072,1460,1054,0,3
1073,1460,1055,0,3
1074,1460,1056,0,3
1075,1460,1057,0,3
1076,1460,1058,0,3
1077,1460,1059,0,3
1078,1460,1077,1,2
1079,1460,1078,1,2
1080,1460,1097,3,2
1081,1460,1063,0,3
1082,1460,1064,0,3
1083,1460,1065,0,3
1084,1460,1066,0,3
1085,1460,1067,0,3
1086,1460,1068,0,3
1087,1460,1069,0,3
1088,1460,1070,0,3
1089,1460,1071,0,3
1090,1460,1072,0,3
1091,1460,1092,2,1
1092,1460,1074,0,3
1093,1460,1075,0,3
1094,1460,1076,0,3
1095,1460,1077,0,3
1096,1460,1095,1,2
1097,1460,1096,1,2
1098,1460,1080,0,2
1099,1460,1081,0,3
1100,1460,1082,0,3
1101,1460,1083,0,3
1102,1460,1084,0,3
1103,1460,1085,0,3
1104,1460,1086,0,3
1105,1460,1087,0,3
1106,1460,1088,0,3
1107,1460,1089,0,3
1108,1460,1109,2,1
1109,1460,1110,2,1
1110,1460,1092,0,3
1111,1460,1093,0,3
1112,1460,1094,0,3
1113,1460,1112,1,2
1114,1460,1113,1,2
1115,1460,1114,1,2
1116,1460,1098,0,2
1117,1460,1099,0,3
1118,1460,1100,0,3
1119,1460,1101,0,3
1120,1460,1102,0,3
1121,1460,1103,0,3
1122,1460,1104,0,3
1123,1460,1105,0,3
1124,1460,1106,0,3
1125,1460,1126,2,1
1126,1460,1127,2,1
1127,1460,1109,0,3
1128,1460,1110,0,3
1129,1460,1111,0,3
1130,1460,1112,0,3
1131,1460,1130,1,2
1132,1460,1131,1,2
1133,1460,1115,0,3
1134,1460,1116,0,2
1135,1460,1117,0,3
1136,1460,1118,0,3
1137,1460,1119,0,3
1138,1460,1120,0,3
1139,1460,1121,0,3
1140,1460,1122,0,3
1141,1460,1123,0,3
1142,1460,1143,2,1
1143,1460,1144,2,1
1144,1460,1126,0,3
1145,1460,1127,0,3
1146,1460,1128,0,3
1147,1460,1129,0,3
1148,1460,1130,0,3
1149,1460,1148,1,2
1150,1460,1132,0,3
1151,1460,1133,0,3
1152,1460,1134,0,2
1153,1460,1135,0,3
1154,1460,1136,0,3
1155,1460,1137,0,3
1156,1460,1138,0,3
1157,1460,1139,0,3
1158,1460,1140,0,3
1159,1460,1141,0,3
1160,1460,1161,2,1
1161,1460,1162,2,1
1162,1460,1144,0,3
1163,1460,1145,0,3
1164,1460,1146,0,3
1165,1460,1147,0,3
1166,1460,1165,1,2
1167,1460,1149,0,3
1168,1460,1150,0,3
1169,1460,1151,0,3
1170,1460,1152,0,2
1171,1460,1153,0,3
1172,1460,1154,0,3
1173,1460,1155,0,3
1174,1460,1156,0,3
1175,1460,1157,0,3
1176,1460,1158,0,3
1177,1460,1178,2,1
1178,1460,1179,2,1
1179,1460,1161,0,3
1180,1460,1162,0,3
1181,1460,1163,0,3
1182,1460,1164,0,3
1183,1460,1165,0,3
1184,1460,1183,1,2
1185,1460,1167,0,3
1186,1460,1168,0,3
1187,1460,1169,0,3
1188,1460,1170,0,2
1189,1460,1171,0,3
1190,1460,1172,0,3
1191,1460,1173,0,3
1192,1460,1174,0,3
1193,1460,1175,0,3
1194,1460,1195,2,1
1195,1460,1196,2,1
1196,1460,1178,0,3
1197,1460,1179,0,3
1198,1460,1180,0,3
1199,1460,1181,0,3
1200,1460,1182,0,3
1201,1460,1200,1,2
1202,1460,1184,0,3
1203,1460,1185,0,3
1204,1460,1186,0,3
1205,1460,1187,0,3
1206,1460,1188,0,2
1207,1460,1189,0,3
1208,1460,1207,1,2
1209,1460,1191,0,3
1210,1460,1192,0,3
1211,1460,1193,0,3
1212,1460,1213,2,1
1213,1460,1214,2,1
1214,1460,1196,0,3
1215,1460,1197,0,3
1216,1460,1198,0,3
1217,1460,1199,0,3
1218,1460,1200,0,3
1219,1460,1201,0,3
1220,1460,1202,0,3
1221,1460,1203,0,3
1222,1460,1204,0,3
1223,1460,1205,0,3
1224,1460,1206,0,2
1225,1460,1207,0,3
1226,1460,1225,1,2
1227,1460,1209,0,3
1228,1460,1210,0,3
1229,1460,1230,2,1
1230,1460,1231,2,1
1231,1460,1213,0,3
1232,1460,1214,0,3
1233,1460,1215,0,3
1234,1460,1216,0,3
1235,1460,1217,0,3
1236,1460,1218,0,3
1237,1460,1219,0,3
1238,1460,1220,0,3
1239,1460,1221,0,3
1240,1460,1222,0,3
1241,1460,1223,0,3
1242,1460,1224,0,2
1243,1460,1242,1,1
1244,1460,1243,1,2
1245,1460,1227,0,3
1246,1460,1247,2,1
1247,1460,1248,2,1
1248,1460,1249,2,1
1249,1460,1231,0,3
1250,1460,1232,0,3
1251,1460,1233,0,3
1252,1460,1234,0,3
1253,1460,1235,0,3
1254,1460,1236,0,3
1255,1460,1237,0,3
1256,1460,1238,0,3
1257,1460,1239,0,3
1258,1460,1240,0,3
1259,1460,1241,0,3
1260,1460,1242,0,2
1261,1460,1260,1,1
1262,1460,1261,1,2
1263,1460,1264,2,1
1264,1324,1263,1,2
1264,1460,1265,2,1
1265,1460,1266,2,1
1266,1460,1248,0,3
1267,1460,1249,0,3
1268,1460,1250,0,3
1269,1460,1251,0,3
1270,1460,1252,0,3
1271,1460,1253,0,3
1272,1460,1254,0,3
1273,1460,1255,0,3
1274,1460,1256,0,3
1275,1460,1257,0,3
1276,1460,1258,0,3
1277,1460,1259,0,3
1278,1460,1295,3,2
1279,1460,1278,1,1
1280,1460,1279,1,2
1281,1460,1282,2,1
1282,1460,1283,2,1
1283,1460,1265,0,3
1284,1460,1266,0,3
1285,1460,1267,0,3
1286,1460,1268,0,3
1287,1460,1269,0,3
1288,1460,1270,0,3
1289,1460,1271,0,3
1290,1460,1272,0,3
1291,1460,1273,0,3
1292,1460,1274,0,3
1293,1460,1275,0,3
1294,1460,1276,0,3
1295,1460,1277,0,3
1296,1460,858,0,4
1297,1460,858,0,4
1298,1460,841,0,4
1299,1460,840,0,4
1300,1460,876,0,4
1301,1460,841,0,4
1303,1460,1128,0,4
1304,1460,1128,0,4
1305,1385,134,0,4
1305,1460,1128,0,4
1306,1425,1163,0,4
1306,1460,1094,0,4
1307,1385,1077,0,4
1307,1460,1094,0,4
1308,1460,1094,0,4
1309,1460,823,0,4
1310,1460,840,0,4
1311,1460,876,0,4
1312,1460,841,0,4
1313,1460,840,0,4
1314,1429,702,0,4
1314,1460,702,0,4
1315,1460,754,0,4
1316,1460,876,0,4
1317,1460,823,0,4
1318,1460,789,0,4
1319,1460,790,0,4
1320,1460,807,0,4
1321,1460,876,0,4
1322,1460,841,0,4
1323,1460,841,0,4
1324,1336,1186,0,4
1324,1460,841,0,4
1325,1338,789,0,4
1325,1460,858,0,4
1326,1460,737,0,4
1327,1460,858,0,4
1328,1460,755,0,4
1329,1460,824,0,4
1330,1460,858,0,4
1331,1460,806,0,4
1332,1460,823,0,4
1333,1460,840,0,4
1334,1460,859,0,4
1335,1343,1272,0,4
1335,1460,842,0,4
1336,1324,1168,0,4
1336,1460,772,0,4
1337,1460,840,0,4
1338,1325,789,0,4
1338,1460,806,0,4
1339,1460,841,0,4
1340,1460,806,0,4
1341,1460,876,0,4
1342,1460,842,0,4
1343,1335,1272,0,4
1343,1460,876,0,4
1345,1460,876,0,4
1346,1460,754,0,4
1347,1460,876,0,4
1348,1460,876,0,4
1349,1460,824,0,4
1350,1460,807,0,4
1351,1460,858,0,4
1352,1460,1062,0,4
1353,1371,1062,0,4
1353,1460,1010,0,4
1354,1460,876,0,4
1355,1460,876,0,4
1356,1460,841,0,4
1357,1460,876,0,4
1358,1460,842,0,4
1359,1460,841,0,4
1360,1460,859,0,4
1361,1368,1135,0,4
1361,1460,963,0,4
1362,1460,1007,0,4
1363,1460,955,0,4
1364,1460,955,0,4
1365,1460,920,0,4
1366,1460,1007,0,4
1367,1460,868,0,4
1368,1361,1171,0,4
1368,1371,143,0,4
1368,1460,1171,0,4
1369,1460,1223,0,4
1370,1460,1188,0,4
1371,1353,1188,0,4
1371,1368,143,0,4
1371,1460,1223,0,4
1372,1460,1258,0,4
1373,1460,840,0,4
1374,1460,552,0,4
1375,1385,224,0,4
1375,1460,672,0,4
1376,1460,689,0,4
1377,1385,207,0,4
1377,1460,689,0,4
1378,1385,224,0,4
1378,1460,672,0,4
1379,1385,224,0,4
1379,1460,586,0,4
1380,1385,224,0,4
1380,1460,586,0,4
1381,1460,911,0,4
1382,1460,1258,0,4
1383,1460,868,0,4
1384,1460,851,0,4
1385,1305,98,0,4
1385,1306,115,0,4
1385,1307,1024,0,4
1385,1374,115,0,4
1385,1375,98,0,4
1385,1377,81,0,4
1385,1378,98,0,4
1385,1379,98,0,4
1385,1380,98,0,4
1385,1400,1007,0,4
1385,1406,972,0,4
1385,1407,1007,0,4
1385,1408,972,0,4
1385,1409,972,0,4
1385,1428,972,0,4
1385,1429,972,0,4
1385,1431,98,0,4
1385,1432,98,0,4
1385,1434,98,0,4
1385,1435,98,0,4
1385,1436,81,0,4
1385,1437,98,0,4
1385,1438,115,0,4
1385,1441,98,0,4
1385,1443,81,0,4
1385,1447,81,0,4
1385,1460,1024,0,4
1386,1460,1024,0,4
1387,1460,1007,0,4
1388,1460,955,0,4
1389,1460,972,0,4
1390,1460,972,0,4
1391,1460,868,0,4
1392,1452,1275,0,4
1392,1453,1275,0,4
1392,1460,1223,0,4
1393,1460,1223,0,4
1394,1460,807,0,4
1396,1460,876,0,4
1397,1460,911,0,4
1398,1460,1024,0,4
1399,1460,1024,0,4
1400,1385,1025,0,4
1400,1460,955,0,4
1401,1460,928,0,4
1402,1460,876,0,4
1403,1460,911,0,4
1404,1421,1276,0,4
1404,1460,1276,0,4
1405,1460,5,0,4
1406,1385,972,0,4
1406,1460,972,0,4
1407,1385,1025,0,4
1407,1460,1059,0,4
1408,1385,1102,0,4
1408,1460,1085,0,4
1409,1385,1171,0,4
1409,1460,1171,0,4
1410,1460,1120,0,4
1411,1460,1068,0,4
1412,1460,1293,0,4
1413,1460,1095,0,4
1414,1460,860,0,4
1415,1460,860,0,4
1416,1452,321,0,4
1416,1460,819,0,4
1417,1460,720,0,4
1418,1460,720,0,4
1419,1460,720,0,4
1420,1460,703,0,4
1421,1404,1254,0,4
1421,1460,773,0,4
1422,1460,773,0,4
1423,1460,738,0,4
1424,1460,720,0,4
1425,1306,1271,0,4
1425,1460,738,0,4
1426,1460,703,0,4
1427,1460,862,0,4
1428,1385,810,0,4
1428,1460,845,0,4
1429,1314,810,0,4
1429,1385,810,0,4
1429,1460,810,0,4
1430,1460,879,0,4
1431,1385,260,0,4
1431,1460,845,0,4
1432,1385,260,0,4
1432,1460,845,0,4
1433,1460,896,0,4
1434,1385,260,0,4
1434,1460,810,0,4
1435,1385,242,0,4
1435,1460,758,0,4
1436,1385,225,0,4
1436,1460,775,0,4
1437,1460,758,0,4
1438,1385,277,0,4
1438,1460,810,0,4
1439,1460,896,0,4
1440,1460,879,0,4
1441,1385,242,0,4
1441,1460,758,0,4
1442,1460,774,0,4
1443,1385,207,0,4
1443,1460,672,0,4
1444,1460,1258,0,4
1445,1460,1206,0,4
1446,1460,1206,0,4
1447,1460,750,0,4
1448,1460,1035,0,4
1449,1460,1188,0,4
1450,1460,1188,0,4
1451,1460,1188,0,4
1452,1392,1275,0,4
1452,1416,195,0,4
1452,1460,1188,0,4
1453,1392,1275,0,4
1453,1460,1188,0,4
1454,1460,1188,0,4
1455,1460,860,0,4
1456,1460,860,0,4
1457,1460,768,0,4
1458,1460,768,0,4
1459,1460,768,0,4
1460,1296,822,0,4
1460,1297,822,0,4
1460,1298,822,0,4
1460,1299,822,0,4
1460,1300,822,0,4
1460,1301,822,0,4
1460,1303,822,0,4
1460,1304,822,0,4
1460,1305,822,0,4
1460,1306,822,0,4
1460,1307,822,0,4
1460,1308,822,0,4
1460,1309,822,0,4
1460,1310,822,0,4
1460,1311,822,0,4
1460,1312,822,0,4
1460,1313,822,0,4
1460,1314,822,0,4
1460,1315,822,0,4
1460,1316,822,0,4
1460,1317,822,0,4
1460,1318,822,0,4
1460,1319,822,0,4
1460,1320,822,0,4
1460,1321,822,0,4
1460,1322,822,0,4
1460,1323,822,0,4
1460,1324,822,0,4
1460,1325,822,0,4
1460,1326,822,0,4
1460,1327,822,0,4
1460,1328,822,0,4
1460,1329,822,0,4
1460,1330,822,0,4
1460,1331,822,0,4
1460,1332,822,0,4
1460,1333,822,0,4
1460,1334,822,0,4
1460,1335,822,0,4
1460,1336,822,0,4
1460,1337,822,0,4
1460,1338,822,0,4
1460,1339,822,0,4
1460,1340,822,0,4
1460,1341,822,0,4
1460,1342,822,0,4
1460,1343,822,0,4
1460,1345,822,0,4
1460,1346,822,0,4
1460,1347,822,0,4
1460,1348,822,0,4
1460,1349,822,0,4
1460,1350,822,0,4
1460,1351,822,0,4
1460,1352,822,0,4
1460,1353,822,0,4
1460,1354,822,0,4
1460,1355,822,0,4
1460,1356,822,0,4
1460,1357,822,0,4
1460,1358,822,0,4
1460,1359,822,0,4
1460,1360,822,0,4
1460,1361,822,0,4
1460,1362,822,0,4
1460,1363,822,0,4
1460,1364,822,0,4
1460,1365,822,0,4
1460,1366,822,0,4
1460,1367,822,0,4
1460,1368,822,0,4
1460,1369,822,0,4
1460,1370,822,0,4
1460,1371,822,0,4
1460,1372,822,0,4
1460,1373,822,0,4
1460,1374,822,0,4
1460,1375,822,0,4
1460,1376,822,0,4
1460,1377,822,0,4
1460,1378,822,0,4
1460,1379,822,0,4
1460,1380,822,0,4
1460,1381,822,0,4
1460,1382,822,0,4
1460,1383,822,0,4
1460,1384,822,0,4
1460,1385,822,0,4
1460,1386,822,0,4
1460,1387,822,0,4
1460,1388,822,0,4
1460,1389,822,0,4
1460,1390,822,0,4
1460,1391,822,0,4
1460,1392,822,0,4
1460,1393,822,0,4
1460,1394,822,0,4
1460,1396,822,0,4
1460,1397,822,0,4
1460,1398,822,0,4
1460,1399,822,0,4
1460,1400,822,0,4
1460,1401,822,0,4
1460,1402,822,0,4
1460,1403,822,0,4
1460,1404,822,0,4
1460,1405,822,0,4
1460,1406,822,0,4
1460,1407,822,0,4
1460,1408,822,0,4
1460,1409,822,0,4
1460,1410,822,0,4
1460,1411,822,0,4
1460,1412,822,0,4
1460,1413,822,0,4
1460,1414,822,0,4
1460,1415,822,0,4
1460,1416,822,0,4
1460,1417,822,0,4
1460,1418,822,0,4
1460,1419,822,0,4
1460,1420,822,0,4
1460,1421,822,0,4
1460,1422,822,0,4
1460,1423,822,0,4
1460,1424,822,0,4
1460,1425,822,0,4
1460,1426,822,0,4
1460,1427,822,0,4
1460,1428,822,0,4
1460,1429,822,0,4
1460,1430,822,0,4
1460,1431,822,0,4
1460,1432,822,0,4
1460,1433,822,0,4
1460,1434,822,0,4
1460,1435,822,0,4
1460,1436,822,0,4
1460,1437,822,0,4
1460,1438,822,0,4
1460,1439,822,0,4
1460,1440,822,0,4
1460,1441,822,0,4
1460,1442,822,0,4
1460,1443,822,0,4
1460,1444,822,0,4
1460,1445,822,0,4
1460,1446,822,0,4
1460,1447,822,0,4
1460,1448,822,0,4
1460,1449,822,0,4
1460,1450,822,0,4
1460,1451,822,0,4
1460,1452,822,0,4
1460,1453,822,0,4
1460,1454,822,0,4
1460,1455,822,0,4
1460,1456,822,0,4
1460,1457,822,0,4
1460,1458,822,0,4
1460,1459,822,0,4
