194,1452,195,2,1
212,1452,230,3,0
213,1452,195,0,3
214,1452,196,0,3
230,1452,229,1,2
231,1452,230,1,2
232,1452,214,0,3
250,1452,232,0,3
253,1452,235,0,3
254,1452,236,0,3
268,1452,250,0,3
269,1452,251,0,3
270,1452,252,0,2
271,1452,253,0,3
272,1452,254,0,3
284,1452,283,1,2
286,1452,268,0,3
287,1452,269,0,3
288,1452,270,0,2
289,1452,271,0,3
302,1452,301,1,2
304,1452,286,0,3
305,1452,287,0,3
306,1452,288,0,2
320,1452,319,1,2
322,1452,304,0,3
323,1452,305,0,3
338,1452,337,1,2
340,1452,322,0,3
356,1452,355,1,2
358,1452,357,1,2
363,1452,345,0,3
374,1452,373,1,2
375,1452,374,1,2
380,1452,362,0,3
381,1452,363,0,3
392,1452,391,1,2
398,1452,380,0,3
416,1452,398,0,3
433,1452,415,0,3
436,1452,418,0,3
451,1452,433,0,3
454,1437,455,2,1
454,1452,436,0,3
468,1452,450,0,2
471,1452,453,0,3
484,1440,466,0,3
485,1440,467,0,3
486,1440,468,0,2
486,1452,468,0,2
488,1452,470,0,3
504,1452,486,0,2
505,1452,487,0,3
522,1452,504,0,2
523,1440,524,2,1
523,1452,505,0,3
539,1452,521,0,3
542,1440,543,2,1
556,1452,555,1,2
557,1452,539,0,3
561,1440,543,0,3
575,1452,557,0,3
580,1440,562,0,3
609,1452,608,1,2
616,1440,615,1,2
616,1452,598,0,3
617,1440,599,0,3
636,1440,618,0,3
644,1452,643,1,2
668,1440,667,1,2
683,1452,701,3,0
686,1368,704,3,0
703,1440,702,1,1
718,1440,717,1,2
736,1440,735,1,2
738,1368,739,1,1
739,1368,757,3,0
744,1440,762,3,0
754,1440,753,1,2
756,1368,757,1,1
762,1440,780,3,0
772,1440,771,1,2
780,1440,781,2,1
790,1440,789,1,2
791,1368,774,2,3
798,1440,799,2,1
808,1368,809,2,1
808,1440,807,1,2
809,1368,792,2,3
816,1440,817,2,1
825,1368,826,2,1
826,1368,827,2,1
827,1368,810,2,3
834,1440,835,2,1
842,1368,843,2,1
844,1368,845,2,1
846,1440,864,2,0
847,1440,865,3,0
852,1440,853,2,1
859,1368,860,2,1
862,1368,863,2,1
862,1440,880,3,0
863,1440,881,3,0
864,1440,881,3,2
865,1440,864,1,1
877,1368,878,2,1
879,1368,880,2,1
880,1440,879,1,2
881,1440,880,1,2
894,1368,895,2,1
897,1368,898,2,1
901,1440,900,1,1
914,1368,915,2,1
932,1368,933,2,1
950,1368,951,2,1
954,1440,971,3,2
955,1368,973,3,0
956,1368,974,3,0
956,1394,955,1,2
967,1368,968,2,1
974,1368,992,3,0
985,1368,986,2,1
990,1368,991,1,1
992,1368,1010,3,0
1002,1368,1003,2,1
1007,1320,1025,3,0
1007,1328,1025,3,0
1007,1394,1025,3,0
1008,1368,1009,1,1
1010,1368,1028,3,0
1020,1368,1021,2,1
1025,1368,1008,2,3
1025,1440,1024,1,2
1026,1368,1027,1,1
1028,1368,1046,3,0
1028,1440,1027,1,2
1041,1368,1042,2,1
1042,1368,1043,2,1
1043,1368,1026,2,3
1044,1368,1045,1,1
1058,1368,1059,2,1
1059,1368,1060,2,1
1060,1368,1061,2,1
1061,1368,1044,2,3
1062,1368,1063,1,1
1075,1368,1076,2,1
1076,1368,1077,2,1
1077,1368,1078,2,1
1078,1440,1077,1,2
1079,1368,1062,2,3
1080,1368,1081,1,1
1081,1368,1099,3,0
1093,1368,1094,2,1
1094,1368,1095,2,1
1096,1440,1095,1,2
1097,1368,1080,2,3
1097,1440,1096,1,2
1098,1368,1099,1,1
1114,1440,1113,1,2
1115,1368,1098,2,3
1116,1368,1117,1,1
1117,1368,1135,3,0
1118,1368,1136,3,0
1134,1368,1135,1,1
1135,1368,1136,2,1
1136,1368,1368,4,0
1154,1368,1136,0,3
1155,1440,1154,1,2
1185,1364,1186,2,1
1185,1388,1186,2,1
1185,1400,1186,2,1
1296,1368,1099,0,4
1309,1368,1064,0,4
1312,1322,858,0,4
1314,1368,1098,0,4
1318,1368,1081,0,4
1322,1312,858,0,4
1326,1368,1098,0,4
1327,1368,1099,0,4
1328,1394,772,0,4
1330,1368,1099,0,4
1331,1368,1081,0,4
1331,1439,771,0,4
1340,1368,1064,0,4
1346,1353,1063,0,4
1348,1351,893,0,4
1351,1348,875,0,4
1351,1368,1082,0,4
1353,1346,1027,0,4
1357,1417,1220,0,4
1368,1296,1136,0,4
1368,1299,1136,0,4
1368,1309,1136,0,4
1368,1310,1136,0,4
1368,1313,1136,0,4
1368,1314,1136,0,4
1368,1315,1136,0,4
1368,1317,1136,0,4
1368,1318,1136,0,4
1368,1325,1136,0,4
1368,1326,1136,0,4
1368,1327,1136,0,4
1368,1330,1136,0,4
1368,1331,1136,0,4
1368,1332,1136,0,4
1368,1333,1136,0,4
1368,1337,1136,0,4
1368,1340,1136,0,4
1368,1346,1136,0,4
1368,1351,1136,0,4
1368,1352,1136,0,4
1368,1353,1136,0,4
1383,1384,45,0,4
1384,1383,45,0,4
1384,1440,919,0,4
1394,1328,772,0,4
1394,1426,755,0,4
1417,1357,1202,0,4
1426,1394,755,0,4
1428,1440,277,0,4
1439,1331,861,0,4
1440,1314,879,0,4
1440,1318,879,0,4
1440,1319,879,0,4
1440,1326,879,0,4
1440,1336,879,0,4
1440,1362,879,0,4
1440,1365,879,0,4
1440,1367,879,0,4
1440,1383,879,0,4
1440,1384,879,0,4
1440,1385,879,0,4
1440,1391,879,0,4
1440,1394,879,0,4
1440,1417,879,0,4
1440,1418,879,0,4
1440,1419,879,0,4
1440,1420,879,0,4
1440,1421,879,0,4
1440,1422,879,0,4
1440,1423,879,0,4
1440,1424,879,0,4
1440,1425,879,0,4
1440,1426,879,0,4
1440,1428,260,0,4
1440,1442,879,0,4
1452,1413,160,0,4
1452,1416,160,0,4
1452,1447,229,0,4
