8,1368,7,0,1
10,1368,9,0,1
26,1368,25,1,2
27,1368,26,1,2
44,1368,43,1,2
65,1368,83,3,0
180,1299,162,0,2
181,1299,163,0,3
197,1299,179,0,3
200,1299,182,0,3
237,1299,238,2,1
256,1299,257,2,1
275,1299,257,0,3
294,1299,276,0,3
331,1299,313,0,3
397,1299,396,1,1
414,1299,431,3,2
431,1299,430,1,2
449,1299,448,1,2
457,1299,475,3,0
475,1299,493,3,0
493,1299,511,3,0
511,1299,512,2,1
529,1299,530,2,1
547,1299,548,2,1
547,1355,565,3,0
565,1299,566,2,1
581,1432,599,3,0
583,1299,584,2,1
601,1299,602,2,1
619,1299,620,2,1
637,1299,638,2,1
701,1299,700,1,2
709,1299,727,3,0
719,1299,718,1,2
725,1299,743,3,0
726,1299,744,3,0
727,1299,728,2,1
737,1299,736,1,2
742,1299,741,1,2
743,1299,742,1,2
744,1299,743,1,2
755,1299,754,1,2
759,1299,758,1,2
773,1299,772,1,2
776,1299,775,1,2
791,1299,790,1,2
932,1420,933,2,1
932,1426,933,2,1
1008,1401,1026,2,0
1050,1398,1049,1,2
1057,1398,1039,0,3
1058,1398,1040,0,3
1062,1398,1044,0,2
1063,1398,1045,0,3
1068,1398,1067,1,2
1075,1398,1057,0,3
1076,1398,1058,0,3
1077,1398,1059,0,3
1078,1398,1060,0,3
1079,1398,1061,0,3
1080,1398,1062,0,2
1086,1398,1085,1,2
1089,1453,1107,3,0
1095,1398,1077,0,3
1096,1398,1078,0,3
1097,1398,1079,0,3
1104,1398,1103,1,2
1113,1398,1095,0,3
1114,1398,1096,0,3
1115,1398,1097,0,3
1122,1398,1121,1,2
1131,1398,1113,0,3
1132,1398,1114,0,3
1140,1398,1139,1,2
1149,1398,1131,0,3
1157,1398,1156,1,2
1158,1398,1157,1,2
1176,1398,1194,3,0
1194,1398,1212,3,0
1195,1398,1213,3,0
1205,1398,1223,3,0
1213,1398,1231,3,0
1223,1368,1205,0,3
1224,1368,1206,0,2
1225,1368,1207,0,3
1226,1368,1208,0,3
1227,1368,1209,0,3
1228,1368,1210,0,3
1229,1368,1211,0,3
1230,1368,1212,0,3
1231,1368,1213,0,3
1232,1398,1231,1,2
1241,1368,1240,1,2
1244,1368,1226,0,3
1245,1368,1227,0,3
1246,1368,1228,0,3
1251,1398,1252,2,1
1252,1398,1253,2,1
1253,1398,1254,2,1
1254,1398,1272,3,0
1255,1398,1273,3,0
1256,1398,1274,3,0
1259,1368,1258,1,2
1263,1368,1245,0,3
1277,1368,1276,1,2
1295,1368,1294,1,2
1297,1398,1151,0,4
1299,1314,754,0,4
1299,1319,754,0,4
1299,1326,1081,0,4
1299,1336,754,0,4
1299,1350,754,0,4
1299,1375,754,0,4
1299,1376,754,0,4
1299,1377,754,0,4
1299,1378,754,0,4
1299,1379,788,0,4
1299,1380,788,0,4
1299,1417,754,0,4
1299,1418,754,0,4
1299,1419,754,0,4
1299,1420,754,0,4
1299,1421,754,0,4
1299,1423,754,0,4
1299,1424,754,0,4
1299,1425,754,0,4
1299,1426,754,0,4
1299,1429,754,0,4
1299,1434,754,0,4
1299,1435,754,0,4
1299,1437,754,0,4
1299,1438,754,0,4
1299,1441,754,0,4
1299,1443,754,0,4
1300,1398,1221,0,4
1303,1368,1162,0,4
1305,1368,185,0,4
1306,1398,168,0,4
1307,1336,1094,0,4
1307,1398,185,0,4
1308,1398,185,0,4
1314,1398,1133,0,4
1319,1338,755,0,4
1321,1398,1221,0,4
1322,1398,1186,0,4
1326,1299,1081,0,4
1326,1398,1133,0,4
1327,1398,1047,0,4
1328,1398,1168,0,4
1329,1345,824,0,4
1330,1398,1047,0,4
1334,1398,842,0,4
1336,1307,1133,0,4
1338,1319,737,0,4
1339,1398,1151,0,4
1341,1398,1186,0,4
1343,1398,1203,0,4
1345,1329,824,0,4
1345,1398,859,0,4
1348,1398,842,0,4
1348,1447,876,0,4
1349,1398,1168,0,4
1354,1398,1169,0,4
1355,1398,1082,0,4
1359,1398,1186,0,4
1368,1303,1154,0,4
1368,1304,1258,0,4
1368,1305,143,0,4
1368,1367,1258,0,4
1368,1383,1258,0,4
1368,1384,1258,0,4
1368,1387,1258,0,4
1368,1391,1258,0,4
1368,1398,1258,0,4
1368,1399,1258,0,4
1368,1445,212,0,4
1379,1299,603,0,4
1380,1299,603,0,4
1381,1398,1031,0,4
1396,1398,1134,0,4
1397,1398,1048,0,4
1398,1297,1007,0,4
1398,1298,1007,0,4
1398,1300,1041,0,4
1398,1301,1024,0,4
1398,1306,150,0,4
1398,1307,150,0,4
1398,1308,150,0,4
1398,1311,1024,0,4
1398,1312,1007,0,4
1398,1314,1007,0,4
1398,1316,1007,0,4
1398,1318,1007,0,4
1398,1319,1041,0,4
1398,1320,1041,0,4
1398,1321,1041,0,4
1398,1322,1024,0,4
1398,1323,1007,0,4
1398,1324,1007,0,4
1398,1326,1007,0,4
1398,1327,1007,0,4
1398,1328,1024,0,4
1398,1329,1024,0,4
1398,1330,1007,0,4
1398,1334,1041,0,4
1398,1335,1041,0,4
1398,1336,1007,0,4
1398,1338,1007,0,4
1398,1339,1007,0,4
1398,1340,1007,0,4
1398,1341,1024,0,4
1398,1343,1041,0,4
1398,1345,1041,0,4
1398,1347,1041,0,4
1398,1348,1041,0,4
1398,1349,1024,0,4
1398,1350,1041,0,4
1398,1351,1007,0,4
1398,1354,1007,0,4
1398,1355,1007,0,4
1398,1356,1007,0,4
1398,1357,1041,0,4
1398,1359,1024,0,4
1398,1368,115,0,4
1398,1381,1007,0,4
1398,1394,1041,0,4
1398,1396,1007,0,4
1398,1397,1007,0,4
1398,1401,1007,0,4
1398,1402,1007,0,4
1398,1403,1007,0,4
1398,1417,1041,0,4
1398,1418,1041,0,4
1398,1419,1041,0,4
1398,1420,115,0,4
1398,1421,1007,0,4
1398,1422,1007,0,4
1398,1424,1041,0,4
1398,1425,115,0,4
1398,1426,115,0,4
1399,1368,115,0,4
1399,1435,150,0,4
1401,1398,1048,0,4
1403,1398,1031,0,4
1421,1398,773,0,4
1422,1398,773,0,4
1435,1399,276,0,4
1445,1368,212,0,4
1447,1348,750,0,4
