16,1438,15,0,1
17,1438,16,0,1
19,1438,20,2,1
34,1438,33,1,2
35,1438,34,1,2
43,1438,44,2,1
52,1438,51,1,2
53,1438,52,1,2
54,1438,55,1,1
60,1438,61,2,1
61,1438,62,2,1
70,1438,69,1,2
71,1438,70,1,2
76,1438,77,2,1
77,1438,78,2,1
78,1438,79,2,1
79,1438,80,2,1
88,1438,87,1,2
94,1438,95,2,1
96,1438,97,2,1
97,1438,98,2,1
106,1438,105,1,2
107,1438,90,2,3
111,1438,112,2,1
114,1438,115,2,1
124,1438,142,3,0
128,1438,129,2,1
132,1438,133,2,1
142,1438,160,3,0
145,1438,146,2,1
150,1438,151,2,1
162,1438,163,1,1
167,1438,168,2,1
170,1438,188,3,0
185,1438,186,2,1
188,1438,206,3,0
197,1438,180,2,3
203,1438,204,2,1
206,1438,224,3,0
214,1438,213,1,2
220,1438,221,2,1
224,1438,242,3,0
232,1438,231,1,2
238,1438,239,2,1
239,1438,240,2,1
240,1438,241,2,1
241,1438,242,2,1
242,1438,1438,4,0
246,1438,245,1,2
247,1438,246,1,2
248,1438,247,1,2
250,1438,249,1,2
260,1438,242,0,3
263,1438,245,0,3
264,1438,246,0,3
265,1438,247,0,3
266,1438,248,0,3
268,1438,267,1,2
286,1364,287,2,1
286,1388,287,2,1
454,1428,455,2,1
454,1429,455,2,1
454,1431,455,2,1
454,1434,455,2,1
454,1438,455,2,1
636,1319,654,3,0
636,1417,654,3,0
763,1331,762,1,2
769,1331,770,2,1
770,1331,752,0,3
780,1331,762,0,3
781,1331,780,1,2
787,1331,788,2,1
788,1331,770,0,3
789,1331,771,0,3
798,1331,797,1,2
799,1331,798,1,2
805,1331,787,0,3
806,1331,788,0,3
807,1331,789,0,3
808,1331,790,0,3
816,1331,815,1,2
817,1331,835,3,0
825,1331,807,0,3
826,1331,808,0,3
834,1331,852,3,0
835,1331,853,3,0
843,1331,825,0,3
844,1331,826,0,3
853,1331,871,3,0
854,1331,872,3,0
860,1436,861,2,1
860,1437,861,2,1
860,1438,861,2,1
861,1331,843,0,3
862,1331,844,0,3
872,1331,890,3,0
873,1331,891,3,0
879,1331,861,0,3
880,1331,862,0,3
891,1331,909,3,0
892,1331,891,1,2
910,1331,909,1,2
911,1331,910,1,2
928,1331,927,1,2
929,1331,928,1,2
947,1331,946,1,2
948,1331,947,1,2
966,1331,965,1,2
967,1331,968,2,1
968,1331,969,2,1
969,1331,987,3,0
985,1331,986,2,1
986,1331,987,2,1
1025,1424,1043,3,0
1132,1397,1133,2,1
1145,1438,1163,3,0
1146,1438,1164,3,0
1147,1438,1165,3,0
1148,1438,1149,2,1
1150,1438,1168,3,0
1151,1438,1169,3,0
1164,1438,1165,2,1
1166,1438,1167,2,1
1169,1438,1187,3,0
1170,1438,1188,2,0
1182,1438,1183,2,1
1189,1438,1207,3,0
1190,1438,1208,3,0
1191,1438,1209,3,0
1192,1438,1210,3,0
1193,1438,1211,3,0
1194,1438,1212,3,0
1195,1381,1196,2,1
1195,1438,1213,3,0
1199,1438,1200,2,1
1201,1438,1202,2,1
1208,1438,1226,3,0
1209,1438,1227,3,0
1210,1438,1228,3,0
1211,1438,1229,3,0
1212,1438,1230,3,0
1214,1438,1213,1,2
1216,1438,1217,2,1
1219,1438,1220,2,1
1231,1438,1230,1,2
1232,1438,1231,1,2
1233,1438,1234,2,1
1236,1438,1237,2,1
1249,1438,1248,1,2
1250,1438,1249,1,2
1254,1438,1255,2,1
1267,1438,1266,1,2
1268,1438,1267,1,2
1285,1438,1284,1,2
1286,1438,1285,1,2
1289,1438,1290,2,1
1297,1331,772,0,4
1298,1328,1203,0,4
1303,1438,134,0,4
1304,1438,134,0,4
1305,1438,134,0,4
1320,1335,1220,0,4
1321,1331,1204,0,4
1322,1331,807,0,4
1325,1331,1099,0,4
1327,1362,1116,0,4
1328,1298,1185,0,4
1331,1297,754,0,4
1331,1300,754,0,4
1331,1321,1098,0,4
1331,1322,754,0,4
1331,1325,1081,0,4
1331,1334,754,0,4
1331,1335,754,0,4
1331,1341,1098,0,4
1331,1343,754,0,4
1331,1345,754,0,4
1331,1347,754,0,4
1331,1348,754,0,4
1331,1356,754,0,4
1331,1357,754,0,4
1331,1358,754,0,4
1331,1359,1098,0,4
1331,1373,754,0,4
1331,1414,754,0,4
1331,1415,754,0,4
1331,1416,1012,0,4
1331,1427,754,0,4
1331,1430,754,0,4
1331,1433,754,0,4
1331,1439,754,0,4
1331,1440,754,0,4
1331,1455,754,0,4
1331,1456,754,0,4
1331,1460,754,0,4
1334,1331,790,0,4
1335,1320,1220,0,4
1335,1331,790,0,4
1341,1331,1169,0,4
1342,1415,842,0,4
1343,1331,790,0,4
1356,1331,772,0,4
1357,1331,790,0,4
1358,1331,808,0,4
1359,1331,1169,0,4
1362,1327,972,0,4
1365,1438,98,0,4
1366,1438,133,0,4
1371,1438,160,0,4
1373,1331,771,0,4
1375,1438,224,0,4
1376,1438,224,0,4
1377,1438,224,0,4
1378,1438,224,0,4
1379,1438,224,0,4
1380,1438,224,0,4
1385,1438,98,0,4
1386,1438,133,0,4
1387,1438,133,0,4
1392,1438,160,0,4
1393,1438,160,0,4
1398,1438,133,0,4
1399,1438,133,0,4
1406,1438,133,0,4
1407,1438,133,0,4
1414,1331,843,0,4
1415,1331,843,0,4
1415,1342,860,0,4
1416,1331,853,0,4
1430,1331,862,0,4
1433,1331,862,0,4
1438,1303,242,0,4
1438,1304,242,0,4
1438,1305,242,0,4
1438,1306,242,0,4
1438,1307,242,0,4
1438,1308,242,0,4
1438,1362,242,0,4
1438,1363,242,0,4
1438,1364,242,0,4
1438,1365,242,0,4
1438,1366,242,0,4
1438,1368,242,0,4
1438,1369,242,0,4
1438,1370,242,0,4
1438,1371,242,0,4
1438,1372,242,0,4
1438,1375,242,0,4
1438,1376,242,0,4
1438,1377,242,0,4
1438,1378,242,0,4
1438,1379,242,0,4
1438,1380,242,0,4
1438,1382,242,0,4
1438,1385,242,0,4
1438,1386,242,0,4
1438,1387,242,0,4
1438,1388,242,0,4
1438,1389,242,0,4
1438,1390,242,0,4
1438,1392,242,0,4
1438,1393,242,0,4
1438,1398,242,0,4
1438,1399,242,0,4
1438,1400,242,0,4
1438,1405,242,0,4
1438,1406,242,0,4
1438,1407,242,0,4
1438,1408,242,0,4
1438,1409,242,0,4
1438,1410,242,0,4
1438,1411,242,0,4
1438,1412,242,0,4
1438,1427,242,0,4
1438,1439,242,0,4
1438,1449,242,0,4
1438,1450,242,0,4
1438,1451,242,0,4
1438,1452,242,0,4
1438,1453,242,0,4
1438,1454,242,0,4
1439,1331,862,0,4
1440,1331,862,0,4
1456,1331,808,0,4
