3,1424,1290,3,3
18,1309,19,1,1
21,1424,3,0,2
34,1309,33,1,2
34,1424,16,0,2
51,1309,50,1,2
69,1309,68,1,2
69,1424,51,0,3
85,1424,67,0,3
103,1424,85,0,3
121,1424,103,0,3
139,1424,140,2,1
157,1424,158,2,1
175,1424,176,2,1
193,1424,194,2,1
198,1412,180,0,2
203,1412,185,0,3
211,1424,212,2,1
213,1412,195,0,3
214,1412,196,0,3
215,1412,197,0,3
216,1412,198,0,2
219,1412,201,0,3
220,1412,202,0,3
229,1424,230,2,1
231,1412,230,1,2
237,1412,219,0,3
238,1412,220,0,3
247,1424,248,2,1
249,1412,248,1,2
255,1412,237,0,3
265,1424,266,2,1
267,1412,266,1,2
270,1424,252,0,2
271,1424,253,0,3
272,1424,254,0,3
273,1412,272,1,2
273,1424,255,0,3
283,1424,265,0,3
284,1424,266,0,3
285,1412,284,1,2
285,1424,267,0,3
286,1424,268,0,3
287,1424,269,0,3
289,1412,288,1,1
303,1412,302,1,2
306,1412,323,3,2
321,1412,320,1,2
328,1412,310,0,3
339,1412,338,1,2
341,1412,340,1,2
345,1412,344,1,2
346,1412,328,0,3
357,1412,356,1,2
358,1412,357,1,2
398,1412,397,1,2
432,1455,414,0,2
433,1412,432,1,1
433,1455,415,0,3
434,1455,416,0,3
435,1455,434,1,2
436,1455,418,0,3
437,1455,419,0,3
438,1455,420,0,3
439,1455,421,0,3
449,1455,431,0,3
457,1455,475,3,0
475,1455,493,3,0
493,1455,511,3,0
504,1451,521,3,2
511,1455,512,2,1
529,1455,530,2,1
539,1412,538,1,2
540,1412,557,3,2
547,1455,548,2,1
565,1455,566,2,1
574,1412,573,1,2
583,1455,584,2,1
601,1455,602,2,1
619,1455,620,2,1
627,1412,626,1,2
637,1455,638,2,1
651,1412,650,1,2
670,1455,669,1,2
678,1307,696,3,0
701,1455,700,1,2
705,1455,704,1,2
709,1455,727,3,0
713,1307,731,3,0
719,1455,718,1,2
721,1412,720,1,1
727,1455,745,3,0
737,1455,736,1,2
745,1455,746,2,1
755,1455,754,1,2
757,1412,775,3,0
757,1455,756,1,1
758,1412,776,3,0
759,1412,777,3,0
760,1412,778,3,0
763,1455,764,2,1
764,1307,782,3,0
766,1307,784,3,0
773,1455,772,1,2
775,1455,793,3,0
776,1455,794,3,0
777,1455,795,3,0
778,1455,796,3,0
781,1455,782,2,1
791,1455,790,1,2
792,1455,809,3,2
793,1455,792,1,1
794,1455,793,1,2
795,1455,794,1,2
796,1455,795,1,2
798,1307,816,3,0
801,1307,819,3,0
809,1455,808,1,2
814,1455,813,1,2
827,1455,826,1,2
854,1307,872,3,0
867,1455,866,1,2
889,1307,907,3,0
920,1455,919,1,2
924,1307,942,3,0
930,1307,948,3,0
947,1307,965,3,0
948,1307,966,3,0
964,1307,982,3,0
966,1307,984,3,0
973,1455,972,1,1
981,1307,999,3,0
984,1307,1002,3,0
993,1455,992,1,2
997,1307,1015,3,0
1002,1307,1020,3,0
1020,1307,1038,3,0
1026,1455,1043,3,2
1027,1455,1026,1,1
1030,1309,1012,0,3
1031,1309,1013,0,3
1032,1309,1014,0,3
1033,1309,1015,0,3
1038,1309,1020,0,3
1048,1309,1047,1,2
1073,1307,1091,3,0
1084,1309,1083,1,2
1102,1309,1101,1,2
1109,1307,1127,3,0
1110,1307,1128,3,0
1120,1309,1119,1,2
1124,1424,1142,3,0
1125,1307,1126,2,1
1125,1309,1124,1,2
1126,1307,1127,2,1
1127,1307,1128,2,1
1128,1307,1307,4,0
1138,1309,1137,1,2
1142,1309,1141,1,2
1156,1309,1155,1,2
1158,1309,1157,1,2
1174,1309,1173,1,2
1175,1309,1174,1,2
1192,1309,1191,1,2
1193,1309,1192,1,2
1195,1424,1213,3,0
1213,1424,1231,3,0
1214,1424,1232,3,0
1215,1424,1233,3,0
1228,1424,1229,2,1
1231,1424,1232,2,1
1232,1424,1233,2,1
1233,1309,1232,1,2
1233,1424,1234,2,1
1236,1424,1424,4,0
1246,1424,1247,2,1
1254,1424,1236,0,3
1264,1424,1265,2,1
1269,1424,1251,0,3
1272,1424,1254,0,3
1282,1424,1283,2,1
1286,1309,1285,1,2
1290,1424,1272,0,3
1307,1373,1128,0,4
1307,1448,1128,0,4
1309,1397,1116,0,4
1309,1410,1047,0,4
1309,1448,1047,0,4
1313,1452,1098,0,4
1324,1340,1186,0,4
1333,1373,857,0,4
1340,1324,1168,0,4
1355,1356,841,0,4
1356,1355,841,0,4
1360,1419,1289,0,4
1373,1333,857,0,4
1377,1455,207,0,4
1378,1455,224,0,4
1380,1455,275,0,4
1397,1309,1134,0,4
1412,1306,126,0,4
1412,1307,126,0,4
1412,1308,126,0,4
1412,1363,126,0,4
1412,1364,126,0,4
1412,1388,126,0,4
1412,1400,126,0,4
1412,1413,230,0,4
1412,1416,230,0,4
1412,1447,230,0,4
1419,1360,1271,0,4
1424,1342,1236,0,4
1424,1358,1236,0,4
1424,1360,1236,0,4
1424,1422,1236,0,4
1425,1455,1288,0,4
1426,1455,1288,0,4
1428,1455,845,0,4
1429,1455,845,0,4
1449,1450,56,0,4
1450,1449,56,0,4
1452,1313,1188,0,4
1455,1314,808,0,4
1455,1319,808,0,4
1455,1326,808,0,4
1455,1336,808,0,4
1455,1352,808,0,4
1455,1353,808,0,4
1455,1363,808,0,4
1455,1364,808,0,4
1455,1376,808,0,4
1455,1377,88,0,4
1455,1378,88,0,4
1455,1380,36,0,4
1455,1388,808,0,4
1455,1389,808,0,4
1455,1390,808,0,4
1455,1400,808,0,4
1455,1407,808,0,4
1455,1417,808,0,4
1455,1418,808,0,4
1455,1419,808,0,4
1455,1420,808,0,4
1455,1421,808,0,4
1455,1423,808,0,4
1455,1424,808,0,4
1455,1425,36,0,4
1455,1426,36,0,4
1455,1428,808,0,4
1455,1429,808,0,4
1455,1431,808,0,4
1455,1432,808,0,4
1455,1434,808,0,4
1455,1435,808,0,4
1455,1436,808,0,4
1455,1437,808,0,4
1455,1438,808,0,4
1455,1441,808,0,4
1455,1442,808,0,4
1455,1443,808,0,4
