0,1352,17,2,1
1,1352,0,0,0
18,1352,35,3,2
19,1352,18,1,1
36,1352,53,3,2
37,1352,19,0,3
51,1352,33,0,3
54,1352,36,0,2
55,1352,37,0,3
72,1352,54,0,2
73,1352,55,0,3
86,1352,68,0,3
89,1352,71,0,3
90,1352,72,0,2
99,1352,100,2,1
108,1352,90,0,2
109,1352,127,3,0
110,1352,128,3,0
111,1352,129,3,0
112,1352,113,2,1
113,1352,131,3,0
114,1352,132,3,0
115,1352,133,3,0
116,1352,134,3,0
117,1352,118,2,1
121,1352,103,0,3
135,1352,134,1,2
153,1352,152,1,2
154,1352,172,3,0
155,1352,173,3,0
156,1352,174,3,0
157,1352,175,3,0
158,1352,176,3,0
159,1352,177,3,0
160,1352,178,3,0
163,1391,164,2,1
236,1458,254,3,0
666,1372,684,2,0
667,1372,685,3,0
668,1372,686,3,0
669,1372,687,3,0
670,1372,688,3,0
671,1329,689,3,0
671,1349,689,3,0
689,1372,707,3,0
708,1372,726,3,0
726,1372,744,3,0
727,1372,726,1,2
745,1372,744,1,2
746,1372,764,3,0
755,1375,738,2,3
755,1377,738,2,3
764,1372,782,3,0
782,1372,800,3,0
783,1372,801,3,0
791,1372,774,2,3
800,1372,818,3,0
818,1372,836,3,0
826,1372,827,2,1
843,1372,844,2,1
860,1372,861,2,1
861,1372,862,2,1
879,1372,880,2,1
884,1372,902,3,0
900,1372,918,2,0
909,1372,908,1,2
918,1372,936,2,0
927,1372,926,1,2
944,1372,943,1,2
945,1372,944,1,2
962,1372,961,1,2
980,1372,979,1,2
998,1372,997,1,2
1016,1372,1015,1,2
1034,1372,1033,1,2
1044,1352,1045,1,1
1052,1372,1051,1,2
1054,1352,1053,1,2
1056,1352,1057,2,1
1057,1352,1039,0,3
1058,1352,1040,0,3
1059,1352,1041,0,3
1060,1352,1042,0,3
1060,1372,1061,2,1
1061,1372,1044,2,3
1062,1352,1063,1,1
1063,1352,1045,0,3
1064,1352,1046,0,3
1065,1352,1047,0,3
1066,1352,1048,0,3
1070,1372,1069,1,2
1071,1352,1070,1,2
1072,1352,1071,1,2
1074,1352,1056,0,3
1075,1352,1057,0,3
1076,1352,1058,0,3
1077,1352,1059,0,3
1077,1372,1078,2,1
1078,1372,1079,2,1
1079,1372,1062,2,3
1080,1352,1081,1,1
1084,1352,1066,0,3
1088,1372,1087,1,2
1089,1352,1088,1,2
1090,1352,1089,1,2
1095,1372,1096,2,1
1096,1372,1097,2,1
1097,1372,1080,2,3
1098,1352,1099,1,1
1101,1352,1083,0,3
1106,1372,1105,1,2
1107,1352,1106,1,2
1108,1352,1090,0,3
1113,1372,1114,2,1
1114,1372,1115,2,1
1115,1372,1098,2,3
1116,1352,1117,1,1
1119,1352,1101,0,3
1124,1372,1123,1,2
1125,1352,1124,1,2
1126,1352,1108,0,3
1132,1372,1133,2,1
1133,1372,1116,2,3
1134,1352,1135,1,1
1137,1352,1119,0,3
1142,1352,1124,0,3
1143,1352,1125,0,3
1147,1352,1129,0,3
1150,1372,1151,2,1
1151,1372,1134,2,3
1159,1352,1141,0,3
1159,1372,1158,1,2
1168,1372,1169,2,1
1170,1372,1188,2,0
1172,1352,1154,0,3
1177,1352,1159,0,3
1182,1352,1164,0,3
1186,1372,1187,2,1
1188,1372,1372,4,0
1190,1352,1172,0,3
1194,1352,1176,0,3
1194,1372,1193,1,2
1195,1372,1194,1,2
1196,1372,1195,1,2
1198,1352,1197,1,2
1204,1372,1205,2,1
1205,1372,1188,2,3
1206,1372,1188,0,2
1208,1352,1190,0,3
1210,1352,1192,0,3
1212,1372,1194,0,3
1213,1372,1195,0,3
1214,1372,1213,1,2
1216,1352,1215,1,2
1225,1352,1207,0,3
1226,1352,1208,0,3
1227,1352,1209,0,3
1228,1352,1210,0,3
1233,1352,1232,1,2
1234,1352,1233,1,2
1243,1352,1225,0,3
1244,1352,1226,0,3
1245,1352,1227,0,3
1250,1352,1232,0,3
1252,1352,1251,1,2
1261,1352,1243,0,3
1262,1352,1244,0,3
1270,1352,1269,1,2
1285,1352,1267,0,3
1288,1352,1287,1,2
1296,1372,1116,0,4
1297,1352,1064,0,4
1297,1372,1116,0,4
1298,1372,1186,0,4
1300,1352,910,0,4
1301,1372,1151,0,4
1309,1352,1012,0,4
1312,1352,1099,0,4
1312,1372,1169,0,4
1314,1331,1133,0,4
1314,1372,1098,0,4
1315,1372,1098,0,4
1316,1352,1048,0,4
1318,1352,1081,0,4
1319,1352,720,0,4
1321,1382,1238,0,4
1324,1352,1013,0,4
1324,1372,1169,0,4
1325,1352,1064,0,4
1325,1372,1116,0,4
1326,1372,1098,0,4
1327,1352,1047,0,4
1330,1352,1047,0,4
1331,1314,1133,0,4
1331,1372,1098,0,4
1332,1352,1012,0,4
1338,1352,1081,0,4
1338,1372,1151,0,4
1340,1352,1081,0,4
1340,1372,1151,0,4
1345,1352,859,0,4
1346,1372,1098,0,4
1348,1352,859,0,4
1351,1352,1047,0,4
1351,1372,1169,0,4
1352,1296,1010,0,4
1352,1297,1010,0,4
1352,1298,1027,0,4
1352,1300,1010,0,4
1352,1301,1027,0,4
1352,1303,1027,0,4
1352,1304,1027,0,4
1352,1305,1027,0,4
1352,1306,1027,0,4
1352,1307,1027,0,4
1352,1308,1027,0,4
1352,1309,1010,0,4
1352,1311,1027,0,4
1352,1312,1027,0,4
1352,1314,1027,0,4
1352,1316,1010,0,4
1352,1318,1027,0,4
1352,1319,546,0,4
1352,1320,1027,0,4
1352,1322,1027,0,4
1352,1323,1027,0,4
1352,1324,1010,0,4
1352,1325,1010,0,4
1352,1326,1027,0,4
1352,1327,1010,0,4
1352,1328,1027,0,4
1352,1329,1027,0,4
1352,1330,1010,0,4
1352,1332,1010,0,4
1352,1335,1027,0,4
1352,1336,1027,0,4
1352,1338,1027,0,4
1352,1339,1027,0,4
1352,1340,1027,0,4
1352,1341,1027,0,4
1352,1343,1027,0,4
1352,1345,1027,0,4
1352,1347,1027,0,4
1352,1348,1027,0,4
1352,1349,1027,0,4
1352,1350,1027,0,4
1352,1351,1010,0,4
1352,1354,1010,0,4
1352,1355,1010,0,4
1352,1356,1027,0,4
1352,1357,1027,0,4
1352,1359,1027,0,4
1352,1361,1010,0,4
1352,1368,1027,0,4
1352,1369,1010,0,4
1352,1370,1027,0,4
1352,1371,1027,0,4
1352,1372,1027,0,4
1352,1382,1027,0,4
1352,1392,1010,0,4
1352,1393,1010,0,4
1352,1394,1027,0,4
1352,1396,1010,0,4
1352,1397,1010,0,4
1352,1401,1010,0,4
1352,1402,1010,0,4
1352,1405,512,0,4
1352,1408,1010,0,4
1352,1409,1010,0,4
1352,1410,1010,0,4
1352,1411,1010,0,4
1352,1412,1027,0,4
1352,1417,1027,0,4
1352,1418,546,0,4
1352,1419,1027,0,4
1352,1420,546,0,4
1352,1444,1027,0,4
1352,1445,1027,0,4
1352,1446,1010,0,4
1352,1448,1010,0,4
1352,1449,1027,0,4
1352,1450,1027,0,4
1352,1451,1027,0,4
1352,1452,1027,0,4
1352,1453,1027,0,4
1352,1454,1027,0,4
1354,1352,979,0,4
1355,1352,1082,0,4
1361,1352,1014,0,4
1366,1406,1007,0,4
1368,1352,1171,0,4
1372,1296,1188,0,4
1372,1297,1188,0,4
1372,1298,1188,0,4
1372,1299,1188,0,4
1372,1301,1188,0,4
1372,1309,1188,0,4
1372,1310,1188,0,4
1372,1312,1188,0,4
1372,1313,1188,0,4
1372,1314,1188,0,4
1372,1315,1188,0,4
1372,1317,1188,0,4
1372,1318,1188,0,4
1372,1324,1188,0,4
1372,1325,1188,0,4
1372,1326,1188,0,4
1372,1327,1188,0,4
1372,1330,1188,0,4
1372,1331,1188,0,4
1372,1332,1188,0,4
1372,1333,1188,0,4
1372,1337,1188,0,4
1372,1338,1188,0,4
1372,1340,1188,0,4
1372,1346,1188,0,4
1372,1351,1188,0,4
1372,1352,1188,0,4
1372,1353,1188,0,4
1372,1373,1188,0,4
1372,1393,1292,0,4
1372,1401,1188,0,4
1372,1402,1188,0,4
1378,1455,654,0,4
1382,1321,1292,0,4
1392,1352,1136,0,4
1393,1352,1136,0,4
1393,1372,1292,0,4
1396,1352,1031,0,4
1397,1352,1048,0,4
1401,1372,1204,0,4
1402,1352,1030,0,4
1402,1372,1134,0,4
1405,1352,264,0,4
1406,1366,1007,0,4
1410,1352,1102,0,4
1418,1352,703,0,4
1420,1352,703,0,4
1444,1352,1171,0,4
1445,1352,1189,0,4
1455,1378,808,0,4
