3,1300,2,0,1
4,1300,3,0,1
6,1300,1293,3,3
23,1300,5,0,2
24,1300,6,0,2
29,1300,11,0,2
41,1300,23,0,3
42,1300,24,0,3
46,1300,28,0,3
47,1300,29,0,3
53,1372,71,3,0
58,1300,57,1,2
59,1300,41,0,3
60,1300,42,0,3
63,1300,45,0,3
64,1300,46,0,3
77,1300,59,0,3
78,1300,60,0,3
80,1300,62,0,3
81,1300,63,0,3
95,1300,77,0,3
96,1300,78,0,3
97,1300,79,0,3
98,1300,80,0,3
111,1300,110,1,2
113,1300,95,0,3
114,1300,96,0,3
115,1300,97,0,3
129,1300,128,1,2
131,1300,113,0,3
132,1300,114,0,3
137,1300,119,0,3
147,1300,146,1,2
165,1300,164,1,2
166,1300,165,1,2
172,1300,154,0,3
183,1300,182,1,2
190,1300,172,0,3
207,1300,189,0,3
225,1300,207,0,3
242,1300,224,0,3
260,1300,242,0,3
263,1300,245,0,3
278,1300,260,0,3
280,1300,262,0,3
295,1300,277,0,3
297,1300,279,0,3
313,1300,295,0,3
314,1300,296,0,3
319,1402,337,3,0
320,1402,338,3,0
321,1402,339,3,0
329,1451,328,1,2
330,1300,312,0,3
336,1402,354,3,0
337,1402,355,3,0
338,1402,356,3,0
339,1402,357,3,0
340,1402,358,3,0
348,1300,330,0,3
349,1300,331,0,3
358,1402,376,3,0
359,1402,377,3,0
360,1402,378,2,0
366,1300,348,0,3
377,1402,395,3,0
378,1402,396,2,0
395,1402,413,3,0
396,1402,413,3,2
397,1402,396,1,1
400,1300,399,1,2
401,1300,400,1,2
415,1402,414,1,1
416,1402,434,3,0
434,1402,452,3,0
435,1402,453,3,0
443,1402,444,2,1
450,1402,468,2,0
452,1402,470,3,0
461,1402,462,2,1
470,1402,488,3,0
485,1402,503,3,0
488,1402,506,3,0
537,1402,555,3,0
553,1402,571,3,0
554,1402,572,3,0
571,1402,589,3,0
579,1402,578,1,2
588,1402,606,3,0
596,1402,595,1,2
597,1402,596,1,2
614,1402,613,1,2
615,1402,614,1,2
632,1402,631,1,2
633,1402,632,1,2
650,1402,649,1,2
651,1402,650,1,2
668,1402,667,1,2
669,1402,668,1,2
678,1402,679,2,1
686,1402,685,1,2
687,1402,686,1,2
695,1402,696,2,1
696,1402,697,2,1
704,1402,703,1,2
705,1402,704,1,2
713,1402,714,2,1
714,1402,715,2,1
722,1402,721,1,2
723,1402,722,1,2
731,1402,732,2,1
732,1402,733,2,1
740,1402,739,1,2
741,1402,740,1,2
749,1402,750,2,1
750,1402,751,2,1
758,1402,757,1,2
767,1402,768,2,1
768,1402,769,2,1
776,1402,775,1,2
785,1402,786,2,1
803,1402,804,2,1
805,1402,823,3,0
821,1402,822,2,1
823,1402,841,3,0
829,1402,828,1,1
830,1402,829,1,2
831,1402,830,1,2
839,1402,840,2,1
840,1402,841,2,1
841,1402,1402,4,0
847,1402,829,0,3
848,1402,830,0,3
849,1402,848,1,2
858,1402,840,0,3
859,1402,841,0,3
859,1427,877,3,0
864,1402,846,0,2
865,1402,847,0,3
866,1402,848,0,3
877,1402,859,0,3
926,1309,927,2,1
944,1309,943,1,2
945,1309,927,0,3
946,1309,928,0,3
947,1309,929,0,3
962,1309,961,1,2
965,1309,947,0,3
980,1309,979,1,2
983,1309,965,0,3
998,1309,997,1,2
1001,1309,983,0,3
1002,1309,984,0,3
1016,1309,1015,1,2
1019,1309,1001,0,3
1020,1309,1002,0,3
1022,1323,1040,3,0
1061,1323,1079,3,0
1072,1323,1073,2,1
1078,1323,1096,3,0
1079,1323,1097,3,0
1090,1323,1091,2,1
1094,1323,1112,3,0
1095,1312,1113,3,0
1097,1323,1115,3,0
1115,1323,1133,3,0
1129,1323,1130,2,1
1133,1323,1151,3,0
1143,1323,1144,2,1
1144,1323,1145,2,1
1145,1323,1146,2,1
1146,1323,1147,2,1
1147,1323,1148,2,1
1148,1323,1149,2,1
1149,1323,1150,2,1
1150,1323,1151,2,1
1151,1323,1323,4,0
1169,1323,1151,0,3
1188,1304,1206,2,0
1272,1300,1273,2,1
1290,1300,3,3,3
1291,1300,1273,0,3
1292,1300,1274,0,3
1293,1300,1275,0,3
1297,1402,841,0,4
1300,1369,1221,0,4
1300,1370,1221,0,4
1300,1371,1221,0,4
1300,1382,1221,0,4
1300,1385,1221,0,4
1300,1392,1221,0,4
1300,1405,1238,0,4
1300,1412,1238,0,4
1300,1449,1221,0,4
1300,1450,1221,0,4
1300,1451,1221,0,4
1300,1452,1221,0,4
1300,1453,1221,0,4
1300,1454,1221,0,4
1301,1402,841,0,4
1309,1381,961,0,4
1309,1396,858,0,4
1309,1397,961,0,4
1309,1401,1030,0,4
1309,1403,892,0,4
1311,1318,1186,0,4
1318,1311,1168,0,4
1318,1323,1151,0,4
1322,1340,824,0,4
1323,1306,1151,0,4
1323,1307,1151,0,4
1323,1308,1151,0,4
1323,1318,1151,0,4
1323,1338,1151,0,4
1323,1340,1151,0,4
1323,1366,1151,0,4
1323,1385,1151,0,4
1323,1386,1151,0,4
1323,1387,1151,0,4
1323,1389,1151,0,4
1323,1390,1151,0,4
1323,1398,1151,0,4
1323,1399,1151,0,4
1323,1400,1151,0,4
1323,1406,1151,0,4
1323,1407,1151,0,4
1323,1413,1151,0,4
1323,1424,1220,0,4
1330,1337,1099,0,4
1337,1330,1081,0,4
1338,1323,1151,0,4
1340,1322,806,0,4
1340,1323,1151,0,4
1343,1402,859,0,4
1345,1347,1255,0,4
1345,1402,859,0,4
1347,1345,1255,0,4
1347,1402,859,0,4
1348,1402,859,0,4
1357,1402,859,0,4
1369,1300,1223,0,4
1370,1300,1275,0,4
1371,1300,1223,0,4
1374,1402,569,0,4
1382,1300,1275,0,4
1385,1323,1007,0,4
1392,1300,1240,0,4
1392,1409,160,0,4
1396,1309,876,0,4
1400,1323,1025,0,4
1401,1309,1048,0,4
1402,1297,841,0,4
1402,1301,841,0,4
1402,1334,841,0,4
1402,1342,841,0,4
1402,1343,841,0,4
1402,1345,841,0,4
1402,1347,841,0,4
1402,1348,841,0,4
1402,1357,841,0,4
1402,1358,841,0,4
1402,1360,841,0,4
1402,1374,841,0,4
1402,1414,841,0,4
1402,1415,841,0,4
1402,1427,841,0,4
1402,1428,841,0,4
1402,1429,841,0,4
1402,1431,841,0,4
1402,1432,841,0,4
1402,1434,841,0,4
1402,1435,841,0,4
1402,1436,841,0,4
1402,1437,841,0,4
1402,1438,841,0,4
1402,1440,841,0,4
1402,1441,841,0,4
1402,1442,841,0,4
1402,1447,841,0,4
1402,1455,841,0,4
1402,1456,841,0,4
1402,1457,841,0,4
1402,1458,841,0,4
1402,1459,841,0,4
1402,1460,841,0,4
1403,1309,928,0,4
1405,1300,5,0,4
1408,1425,160,0,4
1408,1457,246,0,4
1409,1392,160,0,4
1424,1323,1202,0,4
1425,1408,1288,0,4
1427,1296,879,0,4
1427,1297,879,0,4
1427,1300,879,0,4
1427,1301,879,0,4
1427,1311,879,0,4
1427,1321,879,0,4
1427,1325,879,0,4
1427,1327,879,0,4
1427,1341,879,0,4
1427,1343,879,0,4
1427,1351,879,0,4
1427,1354,879,0,4
1427,1457,879,0,4
1427,1459,879,0,4
1435,1402,758,0,4
1441,1402,758,0,4
1447,1402,733,0,4
1449,1300,1223,0,4
1450,1300,1223,0,4
1451,1300,1223,0,4
1452,1300,1275,0,4
1453,1300,1275,0,4
1454,1300,1275,0,4
1457,1402,751,0,4
1457,1408,354,0,4
1458,1402,768,0,4
1459,1402,751,0,4
