14,1412,32,2,0
18,1412,36,2,0
32,1412,50,3,0
33,1412,51,3,0
36,1412,54,2,0
49,1412,67,3,0
54,1412,72,2,0
66,1412,84,3,0
72,1412,90,2,0
83,1412,101,3,0
90,1412,108,2,0
108,1412,1412,4,0
118,1412,119,2,1
119,1412,120,2,1
123,1412,124,2,1
124,1412,125,2,1
125,1412,108,2,3
197,1332,179,0,3
215,1332,197,0,3
216,1332,198,0,2
235,1332,217,0,3
254,1332,255,2,1
273,1332,274,2,1
310,1332,292,0,3
328,1332,327,1,2
329,1332,311,0,3
348,1332,330,0,3
367,1332,349,0,3
383,1348,382,1,2
397,1332,396,1,1
414,1332,431,3,2
431,1332,430,1,2
449,1332,448,1,2
457,1332,475,3,0
475,1332,493,3,0
493,1332,511,3,0
511,1332,512,2,1
529,1332,530,2,1
547,1332,548,2,1
565,1332,566,2,1
583,1332,584,2,1
601,1332,602,2,1
619,1332,620,2,1
637,1332,638,2,1
655,1332,656,2,1
701,1332,700,1,2
709,1332,710,2,1
719,1332,718,1,2
720,1425,702,0,2
725,1332,743,3,0
726,1332,744,3,0
727,1332,728,2,1
730,1425,729,1,2
735,1425,717,0,3
736,1425,718,0,3
737,1332,736,1,2
737,1425,719,0,3
738,1425,720,0,2
739,1425,721,0,3
740,1425,722,0,3
741,1425,723,0,3
742,1332,741,1,2
742,1425,724,0,3
743,1332,742,1,2
743,1425,725,0,3
744,1332,743,1,2
744,1425,726,0,3
748,1425,747,1,2
753,1425,735,0,3
754,1425,736,0,3
755,1332,754,1,2
755,1425,737,0,3
757,1425,739,0,3
759,1332,758,1,2
762,1425,744,0,3
766,1425,765,1,2
773,1332,772,1,2
775,1332,774,1,1
780,1425,762,0,3
784,1425,783,1,2
791,1332,790,1,2
797,1425,779,0,3
802,1425,801,1,2
810,1425,811,1,1
815,1425,797,0,3
820,1425,819,1,2
828,1425,829,1,1
833,1425,815,0,3
837,1425,836,1,2
838,1425,820,0,3
846,1425,847,1,1
855,1425,837,0,3
856,1425,838,0,3
862,1425,844,0,3
864,1425,865,1,1
865,1373,883,3,0
868,1425,850,0,3
872,1425,854,0,3
873,1425,855,0,3
882,1425,883,1,1
886,1425,868,0,3
889,1425,871,0,3
891,1425,873,0,3
904,1425,886,0,3
906,1425,888,0,3
910,1425,928,3,0
911,1425,929,3,0
914,1425,896,0,3
921,1425,903,0,3
923,1425,905,0,3
929,1425,947,3,0
930,1425,948,3,0
939,1425,921,0,3
940,1425,922,0,3
944,1425,962,3,0
948,1425,966,3,0
949,1425,967,3,0
967,1425,985,3,0
974,1425,956,0,3
986,1425,1004,3,0
1005,1425,1004,1,2
1009,1425,991,0,3
1023,1425,1022,1,2
1024,1425,1023,1,2
1030,1425,1048,3,0
1042,1425,1041,1,2
1043,1425,1042,1,2
1061,1425,1079,3,0
1062,1425,1080,2,0
1211,1412,1229,3,0
1229,1412,1247,3,0
1283,1412,14,3,3
1298,1425,1220,0,4
1310,1331,771,0,4
1314,1332,1098,0,4
1320,1425,1254,0,4
1323,1425,1220,0,4
1326,1332,1098,0,4
1327,1425,1203,0,4
1329,1425,1237,0,4
1330,1425,1203,0,4
1331,1310,771,0,4
1332,1314,1098,0,4
1332,1319,754,0,4
1332,1326,1098,0,4
1332,1336,1098,0,4
1332,1375,754,0,4
1332,1376,754,0,4
1332,1377,754,0,4
1332,1378,754,0,4
1332,1379,754,0,4
1332,1380,771,0,4
1332,1394,754,0,4
1332,1417,754,0,4
1332,1418,754,0,4
1332,1419,754,0,4
1332,1420,754,0,4
1332,1421,754,0,4
1332,1423,754,0,4
1332,1424,754,0,4
1332,1425,754,0,4
1332,1426,754,0,4
1332,1429,754,0,4
1332,1435,754,0,4
1332,1437,754,0,4
1332,1441,754,0,4
1332,1443,754,0,4
1336,1332,1098,0,4
1339,1425,1237,0,4
1349,1350,772,0,4
1350,1349,772,0,4
1350,1425,1254,0,4
1356,1425,1220,0,4
1364,1425,955,0,4
1365,1425,937,0,4
1366,1425,115,0,4
1370,1412,108,0,4
1380,1332,603,0,4
1385,1425,937,0,4
1386,1425,115,0,4
1388,1425,955,0,4
1389,1425,955,0,4
1390,1425,184,0,4
1392,1409,177,0,4
1394,1332,772,0,4
1394,1425,1254,0,4
1400,1425,955,0,4
1406,1425,184,0,4
1407,1425,184,0,4
1409,1392,177,0,4
1412,1370,108,0,4
1412,1414,108,0,4
1412,1415,108,0,4
1412,1449,108,0,4
1412,1450,108,0,4
1412,1451,108,0,4
1412,1452,108,0,4
1412,1453,108,0,4
1412,1454,108,0,4
1412,1455,108,0,4
1412,1456,108,0,4
1414,1425,71,0,4
1415,1425,71,0,4
1419,1422,1271,0,4
1422,1419,1271,0,4
1425,1296,703,0,4
1425,1297,703,0,4
1425,1298,1271,0,4
1425,1299,703,0,4
1425,1301,703,0,4
1425,1309,703,0,4
1425,1310,703,0,4
1425,1320,1271,0,4
1425,1323,1271,0,4
1425,1325,703,0,4
1425,1327,1271,0,4
1425,1328,703,0,4
1425,1329,1271,0,4
1425,1330,1271,0,4
1425,1332,703,0,4
1425,1333,703,0,4
1425,1337,703,0,4
1425,1339,1271,0,4
1425,1340,703,0,4
1425,1349,703,0,4
1425,1350,1271,0,4
1425,1356,1271,0,4
1425,1362,703,0,4
1425,1363,703,0,4
1425,1364,703,0,4
1425,1365,703,0,4
1425,1366,1271,0,4
1425,1373,703,0,4
1425,1385,703,0,4
1425,1386,1271,0,4
1425,1388,703,0,4
1425,1389,703,0,4
1425,1390,1271,0,4
1425,1391,686,0,4
1425,1394,1271,0,4
1425,1400,703,0,4
1425,1406,1271,0,4
1425,1407,1271,0,4
1425,1414,1288,0,4
1425,1415,1288,0,4
1425,1416,686,0,4
1425,1427,703,0,4
1425,1428,703,0,4
1425,1429,703,0,4
1425,1430,703,0,4
1425,1431,703,0,4
1425,1432,703,0,4
1425,1433,703,0,4
1425,1434,703,0,4
1425,1435,686,0,4
1425,1436,703,0,4
1425,1437,686,0,4
1425,1438,703,0,4
1425,1439,703,0,4
1425,1440,703,0,4
1425,1442,703,0,4
1425,1447,703,0,4
1425,1455,1288,0,4
1431,1425,775,0,4
1432,1425,775,0,4
1434,1425,775,0,4
1436,1425,775,0,4
1437,1425,758,0,4
1438,1425,775,0,4
1441,1332,758,0,4
1449,1412,108,0,4
1449,1451,1292,0,4
1450,1412,108,0,4
1451,1412,108,0,4
1451,1449,1292,0,4
1452,1412,108,0,4
1453,1412,108,0,4
1454,1412,108,0,4
1455,1425,71,0,4
